C, 24, TOR, 14, 0, 254, 41, 95, .432, 6, 23, .261, 35, 72, .486, .463, 14, 25, .560, 32, 54, 86, 28, 8, 6, 18, 25, 102, 
C, 26, MIA, 16, 16, 537, 132, 253, .522, 1, 3, .333, 131, 250, .524, .524, 91, 112, .813, 33, 126, 159, 62, 19, 16, 39, 39, 356, 
SG, 23, UTA, 20, 8, 402, 44, 96, .458, 23, 59, .390, 21, 37, .568, .578, 4, 6, .667, 18, 36, 54, 22, 12, 12, 15, 29, 115, 
PF, 23, MEM, 13, 4, 354, 72, 159, .453, 23, 74, .311, 49, 85, .576, .525, 14, 23, .609, 19, 63, 82, 25, 10, 9, 16, 24, 181, 
SG, 25, MIN, 19, 8, 447, 48, 117, .410, 26, 75, .347, 22, 42, .524, .521, 5, 11, .455, 8, 33, 41, 51, 18, 14, 20, 37, 127, 
SG, 28, PHO, 18, 18, 590, 72, 148, .486, 40, 86, .465, 32, 62, .516, .622, 29, 33, .879, 14, 69, 83, 53, 11, 7, 28, 42, 213, 
C, 25, CLE, 15, 15, 441, 83, 120, .692, 0, 0, , 83, 120, .692, .692, 41, 55, .745, 48, 73, 121, 35, 8, 17, 26, 40, 207, 
PG, 25, NOP, 7, 0, 113, 19, 47, .404, 9, 24, .375, 10, 23, .435, .500, 2, 6, .333, 4, 10, 14, 14, 7, 1, 7, 9, 49, 
PF, 30, MIN, 19, 0, 459, 53, 106, .500, 2, 12, .167, 51, 94, .543, .509, 30, 44, .682, 15, 57, 72, 76, 16, 15, 31, 28, 138, 
PF, 29, MIL, 19, 19, 652, 219, 361, .607, 8, 35, .229, 211, 326, .647, .618, 123, 188, .654, 53, 152, 205, 94, 26, 26, 79, 59, 569, 
PF, 31, MIL, 7, 0, 44, 3, 8, .375, 0, 0, , 3, 8, .375, .375, 0, 0, , 2, 2, 4, 4, 1, 1, 4, 7, 6, 
PG, 23, ORL, 20, 0, 515, 98, 221, .443, 29, 78, .372, 69, 143, .483, .509, 79, 93, .849, 22, 69, 91, 71, 15, 10, 41, 60, 304, 
SF, 26, TOR, 16, 16, 509, 88, 190, .463, 40, 100, .400, 48, 90, .533, .568, 17, 29, .586, 17, 49, 66, 34, 18, 12, 28, 38, 233, 
PG, 29, NYK, 5, 0, 11, 0, 1, .000, 0, 1, .000, 0, 0, , .000, 0, 0, , 0, 2, 2, 0, 0, 0, 0, 0, 0, 
SF, 23, WAS, 19, 19, 506, 92, 175, .526, 20, 52, .385, 72, 123, .585, .583, 29, 35, .829, 25, 75, 100, 70, 17, 5, 27, 44, 233, 
C, 25, POR, 18, 18, 575, 108, 184, .587, 0, 0, , 108, 184, .587, .587, 17, 21, .810, 56, 138, 194, 28, 22, 13, 35, 46, 233, 
C, 24, PHO, 2, 0, 9, 1, 1, 1.000, 0, 0, , 1, 1, 1.000, 1.000, 0, 0, , 0, 4, 4, 0, 0, 0, 0, 1, 2, 
C, 24, DET, 19, 6, 343, 73, 127, .575, 1, 5, .200, 72, 122, .590, .579, 40, 46, .870, 35, 56, 91, 23, 2, 12, 22, 29, 187, 
PG, 19, CHO, 1, 0, 3, 1, 3, .333, 0, 0, , 1, 3, .333, .333, 0, 0, , 2, 0, 2, 0, 0, 0, 0, 0, 2, 
SF, 21, WAS, 3, 0, 11, 0, 2, .000, 0, 1, .000, 0, 1, .000, .000, 0, 0, , 0, 1, 1, 1, 0, 0, 0, 1, 0, 
PG, 22, CHO, 15, 15, 501, 132, 298, .443, 52, 134, .388, 80, 164, .488, .530, 54, 63, .857, 23, 59, 82, 123, 21, 4, 59, 52, 370, 
C, 25, PHI, 9, 0, 57, 13, 24, .542, 3, 7, .429, 10, 17, .588, .604, 6, 8, .750, 12, 9, 21, 1, 1, 7, 6, 7, 35, 
PF, 21, ORL, 20, 20, 668, 141, 293, .481, 27, 61, .443, 114, 232, .491, .527, 81, 121, .669, 27, 110, 137, 97, 21, 11, 62, 46, 390, 
SG, 25, MEM, 19, 19, 646, 164, 362, .453, 62, 168, .369, 102, 194, .526, .539, 62, 73, .849, 18, 66, 84, 99, 26, 13, 52, 59, 452, 
PG, 24, BOS, 9, 1, 80, 13, 26, .500, 1, 7, .143, 12, 19, .632, .519, 5, 6, .833, 9, 12, 21, 4, 2, 2, 2, 11, 32, 
PF, 20, SAS, 7, 0, 35, 3, 7, .429, 0, 0, , 3, 7, .429, .429, 2, 4, .500, 0, 5, 5, 0, 1, 0, 0, 2, 8, 
PF, 31, SAC, 18, 18, 566, 75, 156, .481, 33, 87, .379, 42, 69, .609, .587, 38, 45, .844, 14, 44, 58, 27, 14, 2, 14, 21, 221, 
SG, 22, TOR, 20, 20, 696, 146, 313, .466, 39, 102, .382, 107, 211, .507, .529, 61, 79, .772, 53, 128, 181, 109, 36, 26, 46, 42, 392, 
SG, 23, NYK, 14, 14, 410, 88, 209, .421, 28, 72, .389, 60, 137, .438, .488, 56, 67, .836, 7, 44, 51, 38, 7, 3, 28, 22, 260, 
C, 23, SAS, 19, 0, 205, 29, 40, .725, 0, 1, .000, 29, 39, .744, .725, 5, 6, .833, 23, 53, 76, 21, 8, 17, 15, 31, 63, 
SF, 20, CLE, 7, 0, 52, 4, 15, .267, 3, 12, .250, 1, 3, .333, .367, 1, 2, .500, 1, 8, 9, 2, 1, 1, 1, 2, 12, 
SF, 28, PHO, 17, 7, 332, 35, 84, .417, 9, 32, .281, 26, 52, .500, .470, 23, 30, .767, 18, 40, 58, 15, 12, 14, 4, 19, 102, 
PF, 35, TOT, 13, 7, 308, 27, 48, .563, 20, 39, .513, 7, 9, .778, .771, 3, 4, .750, 12, 36, 48, 21, 9, 11, 7, 27, 77, 
PF, 35, LAC, 3, 0, 54, 3, 8, .375, 2, 7, .286, 1, 1, 1.000, .500, 0, 0, , 0, 7, 7, 5, 3, 4, 1, 5, 8, 
PF, 35, PHI, 10, 7, 254, 24, 40, .600, 18, 32, .563, 6, 8, .750, .825, 3, 4, .750, 12, 29, 41, 16, 6, 7, 6, 22, 69, 
SG, 30, PHO, 3, 3, 86, 18, 46, .391, 5, 15, .333, 13, 31, .419, .446, 11, 16, .688, 3, 13, 16, 11, 2, 1, 9, 9, 52, 
SG, 27, MIL, 20, 20, 583, 85, 177, .480, 58, 129, .450, 27, 48, .563, .644, 8, 12, .667, 12, 78, 90, 30, 20, 3, 16, 39, 236, 
SF, 23, MIL, 16, 0, 259, 32, 71, .451, 14, 34, .412, 18, 37, .486, .549, 8, 12, .667, 10, 28, 38, 16, 4, 3, 11, 30, 86, 
PF, 31, OKC, 6, 0, 57, 6, 16, .375, 6, 15, .400, 0, 1, .000, .563, 14, 15, .933, 0, 5, 5, 5, 2, 1, 0, 8, 32, 
PG, 35, PHI, 19, 1, 345, 32, 72, .444, 11, 36, .306, 21, 36, .583, .521, 11, 16, .688, 18, 43, 61, 48, 10, 6, 13, 39, 86, 
SF, 24, ATL, 19, 7, 554, 86, 168, .512, 34, 85, .400, 52, 83, .627, .613, 29, 37, .784, 37, 74, 111, 23, 21, 3, 22, 31, 235, 
C, 24, ORL, 18, 15, 359, 45, 83, .542, 1, 4, .250, 44, 79, .557, .548, 29, 40, .725, 38, 70, 108, 32, 14, 26, 13, 44, 120, 
SG, 24, CHI, 1, 0, 3, 0, 0, , 0, 0, , 0, 0, , , 0, 0, , 0, 0, 0, 0, 0, 0, 0, 0, 0, 
C, 31, MEM, 14, 13, 356, 38, 65, .585, 0, 0, , 38, 65, .585, .585, 18, 30, .600, 38, 60, 98, 28, 6, 19, 17, 41, 94, 
PG, 20, ORL, 18, 14, 344, 32, 68, .471, 7, 24, .292, 25, 44, .568, .522, 13, 20, .650, 10, 31, 41, 27, 5, 7, 19, 38, 84, 
SF, 24, CHO, 4, 0, 17, 2, 5, .400, 1, 2, .500, 1, 3, .333, .500, 0, 0, , 0, 2, 2, 1, 1, 2, 0, 1, 5, 
SG, 31, ATL, 19, 1, 504, 109, 241, .452, 58, 149, .389, 51, 92, .554, .573, 23, 25, .920, 7, 52, 59, 44, 28, 7, 25, 46, 299, 
PF, 34, DET, 1, 0, 27, 7, 15, .467, 3, 10, .300, 4, 5, .800, .567, 5, 6, .833, 1, 1, 2, 2, 1, 0, 1, 1, 22, 
PF, 24, PHO, 3, 0, 7, 1, 1, 1.000, 0, 0, , 1, 1, 1.000, 1.000, 0, 0, , 0, 1, 1, 0, 0, 1, 2, 0, 2, 
C, 25, MIL, 1, 0, 3, 0, 0, , 0, 0, , 0, 0, , , 0, 0, , 0, 2, 2, 0, 0, 0, 0, 1, 0, 
SG, 27, PHO, 11, 11, 376, 100, 212, .472, 23, 58, .397, 77, 154, .500, .526, 84, 90, .933, 11, 53, 64, 92, 8, 5, 32, 32, 307, 
PF, 31, TOR, 18, 0, 268, 40, 86, .465, 14, 33, .424, 26, 53, .491, .547, 31, 38, .816, 24, 47, 71, 8, 7, 9, 7, 32, 125, 
SG, 23, CHO, 1, 0, 5, 2, 3, .667, 1, 2, .500, 1, 1, 1.000, .833, 0, 0, , 1, 0, 1, 0, 0, 0, 0, 0, 5, 
PG, 24, POR, 6, 0, 57, 5, 21, .238, 0, 8, .000, 5, 13, .385, .238, 0, 0, , 2, 8, 10, 8, 0, 0, 8, 3, 10, 
SG, 20, SAS, 19, 8, 392, 65, 155, .419, 18, 62, .290, 47, 93, .505, .477, 8, 9, .889, 4, 22, 26, 41, 8, 2, 22, 25, 156, 
SG, 22, DEN, 21, 0, 438, 73, 154, .474, 14, 34, .412, 59, 120, .492, .519, 27, 37, .730, 19, 69, 88, 42, 8, 5, 15, 34, 187, 
SF, 27, BRK, 19, 19, 665, 157, 327, .480, 40, 112, .357, 117, 215, .544, .541, 80, 94, .851, 22, 96, 118, 74, 21, 9, 48, 34, 434, 
SF, 25, CHO, 8, 6, 290, 59, 118, .500, 16, 36, .444, 43, 82, .524, .568, 30, 36, .833, 7, 49, 56, 22, 10, 3, 13, 17, 164, 
SF, 25, BOS, 8, 0, 90, 3, 17, .176, 1, 9, .111, 2, 8, .250, .206, 7, 12, .583, 8, 13, 21, 3, 4, 0, 2, 9, 14, 
PG, 31, POR, 14, 9, 409, 91, 218, .417, 30, 78, .385, 61, 140, .436, .486, 43, 54, .796, 15, 44, 59, 89, 13, 3, 26, 18, 255, 
PG, 25, BRK, 5, 0, 45, 6, 17, .353, 5, 13, .385, 1, 4, .250, .500, 0, 0, , 2, 8, 10, 0, 0, 0, 1, 1, 17, 
SF, 28, HOU, 17, 17, 522, 81, 169, .479, 30, 68, .441, 51, 101, .505, .568, 33, 40, .825, 12, 45, 57, 30, 16, 1, 30, 69, 225, 
SG, 27, IND, 18, 18, 573, 85, 174, .489, 25, 69, .362, 60, 105, .571, .560, 33, 40, .825, 9, 67, 76, 50, 20, 5, 19, 41, 228, 
SF, 27, BOS, 18, 18, 621, 149, 332, .449, 43, 126, .341, 106, 206, .515, .514, 51, 72, .708, 10, 79, 89, 61, 22, 11, 44, 50, 392, 
PF, 24, LAC, 10, 0, 85, 8, 22, .364, 4, 15, .267, 4, 7, .571, .455, 0, 0, , 3, 12, 15, 5, 1, 1, 1, 14, 20, 
C, 24, POR, 3, 0, 14, 3, 5, .600, 0, 0, , 3, 5, .600, .600, 0, 2, .000, 4, 1, 5, 1, 1, 1, 0, 1, 6, 
SF, 24, MIN, 15, 2, 206, 21, 50, .420, 12, 32, .375, 9, 18, .500, .540, 17, 20, .850, 11, 31, 42, 10, 5, 1, 7, 12, 71, 
PG, 27, NYK, 19, 19, 675, 169, 362, .467, 63, 133, .474, 106, 229, .463, .554, 73, 88, .830, 13, 58, 71, 105, 19, 1, 37, 41, 474, 
C, 26, MIA, 13, 3, 168, 27, 54, .500, 0, 3, .000, 27, 51, .529, .500, 12, 15, .800, 13, 36, 49, 8, 6, 4, 12, 17, 66, 
SG, 20, ATL, 2, 0, 4, 0, 3, .000, 0, 1, .000, 0, 2, .000, .000, 1, 2, .500, 1, 1, 2, 0, 0, 0, 0, 0, 1, 
SF, 32, HOU, 8, 0, 76, 4, 13, .308, 4, 12, .333, 0, 1, .000, .462, 0, 0, , 2, 11, 13, 3, 1, 1, 2, 7, 12, 
SG, 32, DET, 13, 0, 258, 38, 110, .345, 26, 71, .366, 12, 39, .308, .464, 38, 44, .864, 7, 24, 31, 25, 5, 4, 5, 21, 140, 
SG, 23, WAS, 7, 0, 36, 7, 15, .467, 3, 9, .333, 4, 6, .667, .567, 3, 3, 1.000, 0, 3, 3, 9, 4, 1, 3, 5, 20, 
PF, 34, MIA, 16, 16, 541, 111, 237, .468, 17, 43, .395, 94, 194, .485, .504, 120, 135, .889, 33, 53, 86, 64, 19, 8, 28, 13, 359, 
PF, 24, MIA, 6, 0, 76, 8, 17, .471, 2, 9, .222, 6, 8, .750, .529, 2, 5, .400, 3, 6, 9, 0, 4, 0, 2, 5, 20, 
SG, 30, DEN, 21, 21, 720, 82, 182, .451, 33, 81, .407, 49, 101, .485, .541, 38, 41, .927, 10, 33, 43, 57, 35, 9, 28, 45, 235, 
PF, 23, POR, 19, 10, 473, 43, 105, .410, 14, 50, .280, 29, 55, .527, .476, 20, 27, .741, 33, 44, 77, 20, 18, 12, 20, 48, 120, 
C, 29, ATL, 19, 19, 466, 87, 153, .569, 0, 0, , 87, 153, .569, .569, 28, 46, .609, 87, 105, 192, 20, 14, 32, 16, 43, 202, 
PG, 28, CHI, 21, 0, 304, 45, 114, .395, 25, 69, .362, 20, 45, .444, .504, 0, 1, .000, 2, 10, 12, 25, 11, 6, 14, 23, 115, 
C, 24, ORL, 5, 5, 147, 17, 45, .378, 5, 16, .313, 12, 29, .414, .433, 8, 14, .571, 11, 32, 43, 8, 3, 2, 8, 14, 47, 
SG, 29, CHI, 18, 7, 421, 61, 113, .540, 31, 65, .477, 30, 48, .625, .677, 21, 27, .778, 20, 39, 59, 42, 25, 14, 24, 41, 174, 
C, 23, LAL, 3, 0, 23, 2, 5, .400, 0, 0, , 2, 5, .400, .400, 2, 2, 1.000, 3, 3, 6, 2, 0, 0, 0, 5, 6, 
SG, 22, DET, 1, 0, 3, 0, 0, , 0, 0, , 0, 0, , , 0, 0, , 0, 0, 0, 0, 0, 0, 0, 0, 0, 
SF, 22, SAS, 12, 5, 194, 27, 73, .370, 20, 52, .385, 7, 21, .333, .507, 8, 11, .727, 5, 19, 24, 13, 6, 9, 13, 11, 82, 
SG, 20, LAL, 16, 5, 293, 30, 75, .400, 11, 35, .314, 19, 40, .475, .473, 10, 12, .833, 3, 44, 47, 17, 7, 4, 12, 25, 81, 
SF, 19, SAS, 1, 0, 4, 0, 0, , 0, 0, , 0, 0, , , 0, 0, , 0, 0, 0, 0, 0, 0, 1, 0, 0, 
SG, 31, UTA, 17, 17, 536, 110, 266, .414, 31, 98, .316, 79, 168, .470, .472, 51, 61, .836, 21, 35, 56, 84, 14, 2, 54, 24, 302, 
C, 24, BRK, 10, 10, 271, 57, 84, .679, 0, 0, , 57, 84, .679, .679, 13, 22, .591, 35, 52, 87, 15, 6, 26, 8, 25, 127, 
PF, 19, BRK, 1, 0, 3, 0, 0, , 0, 0, , 0, 0, , , 0, 0, , 0, 1, 1, 0, 0, 0, 0, 0, 0, 
SF, 26, LAC, 10, 0, 58, 4, 12, .333, 0, 3, .000, 4, 9, .444, .333, 4, 4, 1.000, 2, 5, 7, 3, 1, 0, 2, 5, 12, 
PF, 26, UTA, 20, 20, 624, 109, 228, .478, 30, 74, .405, 79, 154, .513, .544, 40, 55, .727, 54, 114, 168, 18, 12, 17, 27, 59, 288, 
C, 26, SAS, 19, 19, 554, 98, 199, .492, 21, 77, .273, 77, 122, .631, .545, 46, 57, .807, 37, 77, 114, 74, 14, 14, 53, 67, 263, 
PG, 36, MIN, 19, 19, 560, 67, 153, .438, 40, 97, .412, 27, 56, .482, .569, 23, 24, .958, 9, 46, 55, 118, 18, 2, 17, 35, 197, 
SF, 31, MIL, 18, 0, 416, 38, 90, .422, 20, 59, .339, 18, 31, .581, .533, 8, 12, .667, 12, 51, 63, 36, 9, 3, 14, 19, 104, 
SF, 19, WAS, 18, 1, 474, 56, 108, .519, 20, 46, .435, 36, 62, .581, .611, 16, 24, .667, 8, 60, 68, 29, 19, 13, 26, 33, 148, 
SF-PF, 33, TOT, 19, 6, 356, 34, 77, .442, 17, 46, .370, 17, 31, .548, .552, 18, 21, .857, 26, 43, 69, 18, 29, 15, 6, 38, 103, 
PF, 33, LAC, 3, 3, 69, 3, 9, .333, 2, 8, .250, 1, 1, 1.000, .444, 1, 2, .500, 2, 6, 8, 7, 6, 2, 0, 7, 9, 
SF, 33, PHI, 16, 3, 287, 31, 68, .456, 15, 38, .395, 16, 30, .533, .566, 17, 19, .895, 24, 37, 61, 11, 23, 13, 6, 31, 94, 
SF, 33, CHI, 21, 7, 449, 42, 100, .420, 17, 52, .327, 25, 48, .521, .505, 12, 13, .923, 37, 66, 103, 24, 12, 9, 14, 50, 113, 
PF, 33, MIL, 9, 2, 240, 25, 47, .532, 16, 31, .516, 9, 16, .563, .702, 7, 12, .583, 4, 31, 35, 15, 7, 3, 4, 14, 73, 
PG, 22, DET, 20, 20, 701, 165, 397, .416, 42, 120, .350, 123, 277, .444, .469, 75, 84, .893, 10, 67, 77, 145, 18, 4, 87, 56, 447, 
SG, 33, DAL, 15, 1, 162, 22, 58, .379, 11, 32, .344, 11, 26, .423, .474, 6, 7, .857, 6, 14, 20, 13, 8, 2, 4, 12, 61, 
PG, 35, GSW, 18, 18, 602, 161, 338, .476, 91, 211, .431, 70, 127, .551, .611, 110, 118, .932, 14, 76, 90, 84, 13, 4, 64, 32, 523, 
PG, 20, NOP, 21, 12, 554, 62, 150, .413, 16, 64, .250, 46, 86, .535, .467, 15, 24, .625, 22, 78, 100, 72, 32, 8, 29, 43, 155, 
C, 30, LAL, 20, 20, 701, 172, 315, .546, 3, 11, .273, 169, 304, .556, .551, 110, 131, .840, 66, 183, 249, 65, 21, 56, 42, 57, 457, 
SG, 21, WAS, 14, 0, 128, 19, 40, .475, 1, 3, .333, 18, 37, .486, .488, 4, 5, .800, 8, 11, 19, 5, 7, 1, 5, 10, 43, 
SG, 24, DAL, 2, 0, 7, 2, 6, .333, 0, 3, .000, 2, 3, .667, .333, 0, 1, .000, 1, 1, 2, 0, 0, 0, 0, 0, 4, 
SF, 34, CHI, 19, 19, 673, 145, 318, .456, 18, 48, .375, 127, 270, .470, .484, 100, 123, .813, 17, 46, 63, 93, 18, 15, 23, 40, 408, 
C, 22, LAC, 9, 0, 55, 9, 18, .500, 0, 0, , 9, 18, .500, .500, 9, 12, .750, 14, 5, 19, 4, 4, 0, 2, 4, 27, 
SG, 20, TOR, 15, 1, 220, 17, 63, .270, 10, 41, .244, 7, 22, .318, .349, 14, 14, 1.000, 7, 15, 22, 15, 4, 0, 12, 23, 58, 
PF, 20, OKC, 12, 0, 122, 13, 37, .351, 7, 26, .269, 6, 11, .545, .446, 3, 4, .750, 6, 16, 22, 11, 1, 0, 4, 7, 36, 
PG, 30, BRK, 18, 18, 565, 83, 203, .409, 42, 119, .353, 41, 84, .488, .512, 57, 71, .803, 9, 63, 72, 113, 11, 2, 30, 29, 265, 
SG, 27, NYK, 19, 2, 388, 60, 141, .426, 43, 99, .434, 17, 42, .405, .578, 11, 17, .647, 15, 39, 54, 32, 18, 6, 21, 26, 174, 
PG, 24, DAL, 18, 18, 645, 194, 396, .490, 69, 178, .388, 125, 218, .573, .577, 108, 142, .761, 12, 139, 151, 152, 24, 9, 69, 33, 565, 
SF, 24, OKC, 19, 19, 538, 66, 149, .443, 33, 81, .407, 33, 68, .485, .554, 31, 40, .775, 21, 57, 78, 25, 18, 15, 19, 57, 196, 
SG, 24, CHI, 19, 1, 334, 47, 92, .511, 15, 42, .357, 32, 50, .640, .592, 14, 18, .778, 9, 22, 31, 32, 13, 2, 13, 30, 123, 
C, 30, CHI, 21, 0, 277, 48, 91, .527, 0, 1, .000, 48, 90, .533, .527, 26, 44, .591, 54, 82, 136, 13, 21, 7, 22, 34, 122, 
SF, 26, SAC, 17, 5, 257, 28, 71, .394, 14, 42, .333, 14, 29, .483, .493, 10, 14, .714, 4, 30, 34, 16, 12, 1, 11, 47, 80, 
PG, 29, UTA, 13, 1, 134, 19, 44, .432, 4, 9, .444, 15, 35, .429, .477, 5, 8, .625, 4, 19, 23, 25, 7, 1, 15, 17, 47, 
PF, 35, PHO, 18, 18, 659, 190, 371, .512, 40, 81, .494, 150, 290, .517, .566, 138, 154, .896, 5, 111, 116, 104, 14, 22, 64, 32, 558, 
C, 20, DET, 13, 12, 374, 72, 115, .626, 0, 2, .000, 72, 113, .637, .626, 15, 27, .556, 46, 96, 142, 35, 8, 18, 36, 47, 159, 
PF, 22, HOU, 10, 0, 179, 28, 60, .467, 6, 16, .375, 22, 44, .500, .517, 5, 9, .556, 16, 41, 57, 9, 5, 12, 7, 20, 67, 
SG, 22, MIN, 17, 17, 597, 157, 338, .464, 43, 114, .377, 114, 224, .509, .528, 89, 103, .864, 13, 87, 100, 85, 22, 8, 55, 33, 446, 
SF, 23, SAC, 14, 0, 90, 6, 21, .286, 4, 14, .286, 2, 7, .286, .381, 1, 2, .500, 3, 12, 15, 5, 2, 2, 1, 8, 17, 
SG, 24, SAC, 11, 2, 123, 11, 29, .379, 6, 23, .261, 5, 6, .833, .483, 6, 11, .545, 4, 12, 16, 10, 6, 4, 6, 11, 34, 
C, 29, PHI, 16, 16, 552, 165, 331, .498, 17, 54, .315, 148, 277, .534, .524, 165, 188, .878, 52, 128, 180, 106, 16, 30, 59, 48, 512, 
C, 26, PHO, 19, 0, 340, 50, 86, .581, 2, 2, 1.000, 48, 84, .571, .593, 25, 30, .833, 27, 59, 86, 28, 3, 21, 20, 40, 127, 
PG, 28, DAL, 16, 0, 170, 32, 63, .508, 4, 17, .235, 28, 46, .609, .540, 9, 15, .600, 8, 28, 36, 24, 5, 2, 5, 16, 77, 
C, 25, ATL, 5, 0, 16, 3, 9, .333, 0, 1, .000, 3, 8, .375, .333, 1, 1, 1.000, 3, 1, 4, 0, 0, 0, 4, 3, 7, 
PF, 30, BRK, 18, 17, 566, 74, 159, .465, 49, 108, .454, 25, 51, .490, .619, 1, 3, .333, 37, 62, 99, 26, 9, 12, 17, 42, 198, 
PG, 25, TOR, 20, 0, 331, 38, 92, .413, 18, 53, .340, 20, 39, .513, .511, 12, 16, .750, 9, 32, 41, 43, 13, 4, 19, 27, 106, 
SF, 28, UTA, 18, 5, 319, 47, 109, .431, 29, 77, .377, 18, 32, .563, .564, 7, 8, .875, 14, 31, 45, 21, 7, 7, 18, 25, 130, 
PG, 25, SAC, 5, 0, 14, 2, 5, .400, 1, 2, .500, 1, 3, .333, .500, 2, 2, 1.000, 0, 1, 1, 1, 0, 0, 0, 0, 7, 
SG, 25, ATL, 4, 0, 31, 1, 4, .250, 0, 0, , 1, 4, .250, .250, 2, 2, 1.000, 1, 0, 1, 7, 0, 0, 1, 2, 4, 
SG, 31, NYK, 1, 0, 16, 1, 6, .167, 0, 4, .000, 1, 2, .500, .167, 0, 0, , 0, 1, 1, 1, 1, 0, 0, 2, 2, 
PG, 26, SAC, 13, 13, 472, 140, 288, .486, 40, 108, .370, 100, 180, .556, .556, 74, 101, .733, 13, 48, 61, 86, 21, 5, 26, 37, 394, 
SF, 20, LAL, 4, 0, 14, 1, 6, .167, 0, 2, .000, 1, 4, .250, .167, 2, 2, 1.000, 2, 0, 2, 0, 0, 0, 1, 1, 4, 
PG, 25, ORL, 5, 5, 143, 27, 56, .482, 0, 3, .000, 27, 53, .509, .482, 3, 4, .750, 8, 9, 17, 20, 6, 2, 6, 6, 57, 
C, 25, WAS, 17, 17, 427, 71, 101, .703, 0, 0, , 71, 101, .703, .703, 25, 39, .641, 45, 84, 129, 27, 11, 35, 20, 58, 167, 
PF, 35, WAS, 17, 0, 267, 46, 96, .479, 14, 42, .333, 32, 54, .593, .552, 30, 37, .811, 10, 44, 54, 25, 4, 3, 8, 18, 136, 
PG, 24, CLE, 15, 15, 501, 105, 227, .463, 24, 72, .333, 81, 155, .523, .515, 55, 67, .821, 8, 32, 40, 88, 23, 4, 64, 23, 289, 
C, 25, MIN, 4, 0, 13, 4, 10, .400, 0, 2, .000, 4, 8, .500, .400, 5, 8, .625, 3, 3, 6, 0, 0, 0, 1, 3, 13, 
SF, 27, NOP, 1, 0, 7, 0, 4, .000, 0, 2, .000, 0, 2, .000, .000, 0, 0, , 0, 1, 1, 0, 0, 0, 0, 0, 0, 
PG, 20, UTA, 20, 12, 521, 66, 190, .347, 32, 103, .311, 34, 87, .391, .432, 46, 59, .780, 12, 53, 65, 99, 10, 2, 44, 24, 210, 
PF, 33, LAC, 19, 19, 676, 153, 345, .443, 61, 160, .381, 92, 185, .497, .532, 79, 85, .929, 12, 99, 111, 81, 31, 3, 46, 57, 446, 
SG, 21, OKC, 19, 19, 500, 97, 227, .427, 13, 42, .310, 84, 185, .454, .456, 21, 27, .778, 29, 80, 109, 79, 14, 9, 51, 24, 228, 
C, 25, BRK, 2, 0, 12, 5, 6, .833, 1, 2, .500, 4, 4, 1.000, .917, 1, 1, 1.000, 0, 2, 2, 0, 0, 0, 1, 2, 12, 
PG, 25, OKC, 18, 18, 622, 196, 364, .538, 23, 63, .365, 173, 301, .575, .570, 123, 131, .939, 15, 88, 103, 113, 44, 16, 39, 44, 538, 
PF, 31, WAS, 11, 0, 68, 10, 20, .500, 0, 3, .000, 10, 17, .588, .500, 10, 12, .833, 4, 9, 13, 5, 3, 3, 7, 5, 30, 
PG, 24, DEN, 10, 0, 81, 8, 19, .421, 3, 12, .250, 5, 7, .714, .500, 1, 1, 1.000, 0, 3, 3, 8, 5, 0, 4, 9, 20, 
PG, 25, MEM, 14, 7, 231, 19, 44, .432, 16, 39, .410, 3, 5, .600, .614, 1, 1, 1.000, 6, 12, 18, 43, 9, 1, 8, 16, 55, 
C, 31, MIN, 19, 19, 622, 94, 156, .603, 0, 0, , 94, 156, .603, .603, 64, 104, .615, 69, 152, 221, 20, 11, 45, 30, 53, 252, 
PG, 25, PHO, 20, 0, 342, 46, 118, .390, 20, 57, .351, 26, 61, .426, .475, 13, 16, .813, 22, 53, 75, 41, 15, 6, 15, 24, 125, 
PF, 28, DEN, 17, 17, 575, 96, 194, .495, 9, 39, .231, 87, 155, .561, .518, 26, 50, .520, 46, 76, 122, 64, 18, 15, 30, 32, 227, 
SG, 35, PHO, 18, 14, 568, 101, 214, .472, 52, 126, .413, 49, 88, .557, .593, 11, 14, .786, 7, 32, 39, 53, 18, 10, 27, 27, 265, 
PG, 28, SAS, 3, 0, 36, 2, 7, .286, 0, 4, .000, 2, 3, .667, .286, 4, 5, .800, 1, 1, 2, 11, 2, 1, 2, 2, 8, 
PF, 29, POR, 19, 19, 664, 139, 318, .437, 49, 119, .412, 90, 199, .452, .514, 93, 112, .830, 13, 60, 73, 42, 16, 17, 47, 42, 420, 
SG, 24, MIL, 12, 0, 90, 11, 30, .367, 8, 26, .308, 3, 4, .750, .500, 1, 1, 1.000, 2, 7, 9, 8, 0, 0, 0, 9, 31, 
SG, 36, PHI, 2, 0, 18, 0, 2, .000, 0, 1, .000, 0, 1, .000, .000, 0, 0, , 0, 2, 2, 1, 1, 0, 0, 1, 0, 
PF, 33, GSW, 12, 12, 294, 42, 87, .483, 17, 36, .472, 25, 51, .490, .580, 20, 24, .833, 15, 51, 66, 63, 6, 8, 25, 33, 121, 
SG, 21, HOU, 17, 17, 543, 108, 257, .420, 37, 106, .349, 71, 151, .470, .492, 70, 89, .787, 7, 71, 78, 56, 10, 7, 42, 26, 323, 
PF, 37, HOU, 17, 0, 247, 34, 63, .540, 7, 21, .333, 27, 42, .643, .595, 26, 34, .765, 13, 25, 38, 10, 3, 7, 10, 18, 101, 
SG, 23, DAL, 18, 5, 454, 46, 109, .422, 23, 63, .365, 23, 46, .500, .528, 9, 17, .529, 10, 42, 52, 43, 17, 3, 17, 31, 124, 
SF, 20, ATL, 11, 0, 101, 10, 33, .303, 8, 24, .333, 2, 9, .222, .424, 2, 2, 1.000, 2, 8, 10, 3, 1, 0, 4, 5, 30, 
SG, 23, NYK, 17, 17, 393, 37, 102, .363, 29, 83, .349, 8, 19, .421, .505, 2, 3, .667, 4, 18, 22, 21, 13, 0, 9, 29, 105, 
PF, 21, ATL, 2, 0, 4, 0, 1, .000, 0, 1, .000, 0, 0, , .000, 0, 0, , 0, 0, 0, 0, 1, 0, 0, 1, 0, 
PF, 25, LAL, 12, 1, 279, 52, 103, .505, 15, 35, .429, 37, 68, .544, .578, 22, 28, .786, 12, 34, 46, 12, 11, 3, 12, 18, 141, 
PG, 23, IND, 16, 16, 543, 148, 285, .519, 63, 141, .447, 85, 144, .590, .630, 73, 83, .880, 7, 51, 58, 189, 17, 11, 40, 17, 432, 
PG, 22, MIA, 1, 0, 2, 0, 1, .000, 0, 0, , 0, 1, .000, .000, 0, 0, , 0, 0, 0, 0, 0, 0, 0, 0, 0, 
SF, 31, DAL, 17, 0, 468, 97, 231, .420, 58, 151, .384, 39, 80, .488, .545, 33, 37, .892, 6, 51, 57, 27, 4, 0, 14, 15, 285, 
SG, 34, LAC, 14, 14, 472, 67, 145, .462, 34, 85, .400, 33, 60, .550, .579, 52, 61, .852, 5, 57, 62, 90, 22, 6, 30, 29, 220, 
SG, 21, DAL, 16, 0, 181, 35, 91, .385, 11, 41, .268, 24, 50, .480, .445, 18, 27, .667, 6, 21, 27, 19, 5, 0, 12, 17, 99, 
PF, 23, TOR, 1, 0, 4, 0, 0, , 0, 0, , 0, 0, , , 0, 0, , 0, 0, 0, 1, 0, 0, 0, 2, 0, 
SG, 29, ORL, 15, 2, 313, 41, 88, .466, 24, 63, .381, 17, 25, .680, .602, 12, 17, .706, 8, 19, 27, 27, 13, 4, 8, 18, 118, 
SG, 32, DET, 7, 0, 98, 9, 25, .360, 6, 19, .316, 3, 6, .500, .480, 0, 0, , 2, 5, 7, 6, 2, 0, 3, 12, 24, 
PF, 31, PHI, 19, 19, 669, 130, 252, .516, 20, 62, .323, 110, 190, .579, .556, 62, 70, .886, 17, 98, 115, 51, 18, 6, 37, 31, 342, 
SG, 30, MEM, 3, 0, 6, 1, 2, .500, 0, 0, , 1, 2, .500, .500, 0, 0, , 0, 2, 2, 0, 0, 1, 0, 0, 2, 
SF, 28, NYK, 19, 5, 545, 62, 133, .466, 20, 58, .345, 42, 75, .560, .541, 11, 15, .733, 20, 98, 118, 49, 18, 6, 19, 33, 155, 
C, 25, NYK, 19, 0, 322, 41, 73, .562, 1, 3, .333, 40, 70, .571, .568, 20, 30, .667, 46, 48, 94, 17, 18, 9, 15, 51, 103, 
SF, 26, BOS, 19, 2, 436, 63, 134, .470, 52, 119, .437, 11, 15, .733, .664, 7, 8, .875, 16, 50, 66, 16, 10, 7, 12, 29, 185, 
SG, 21, NOP, 21, 9, 584, 87, 221, .394, 56, 150, .373, 31, 71, .437, .520, 40, 46, .870, 16, 63, 79, 38, 10, 0, 22, 42, 270, 
C, 23, LAL, 18, 0, 197, 23, 33, .697, 0, 3, .000, 23, 30, .767, .697, 12, 21, .571, 7, 21, 28, 7, 4, 9, 13, 33, 58, 
PG, 22, DET, 19, 15, 510, 72, 168, .429, 17, 53, .321, 55, 115, .478, .479, 20, 30, .667, 5, 49, 54, 82, 23, 13, 15, 39, 181, 
SF, 33, CHO, 17, 17, 548, 91, 210, .433, 15, 43, .349, 76, 167, .455, .469, 41, 55, .745, 18, 68, 86, 78, 20, 8, 31, 31, 238, 
PG, 19, POR, 10, 5, 251, 35, 102, .343, 9, 41, .220, 26, 61, .426, .387, 13, 19, .684, 8, 19, 27, 42, 5, 1, 34, 41, 92, 
PF, 20, UTA, 2, 0, 20, 2, 7, .286, 1, 4, .250, 1, 3, .333, .357, 1, 2, .500, 1, 2, 3, 0, 0, 2, 0, 1, 6, 
SG, 24, MIA, 8, 8, 272, 68, 152, .447, 25, 61, .410, 43, 91, .473, .530, 22, 25, .880, 3, 37, 40, 37, 11, 0, 20, 13, 183, 
SF, 31, IND, 18, 6, 447, 89, 198, .449, 53, 135, .393, 36, 63, .571, .583, 6, 7, .857, 9, 43, 52, 49, 13, 11, 27, 36, 237, 
PF, 27, MIA, 15, 14, 334, 35, 82, .427, 16, 49, .327, 19, 33, .576, .524, 11, 13, .846, 9, 32, 41, 23, 17, 11, 15, 32, 97, 
SG, 24, HOU, 4, 0, 16, 3, 6, .500, 3, 3, 1.000, 0, 3, .000, .750, 0, 0, , 1, 2, 3, 0, 0, 0, 0, 2, 9, 
SG, 25, LAL, 6, 0, 33, 3, 12, .250, 2, 10, .200, 1, 2, .500, .333, 1, 2, .500, 0, 0, 0, 2, 1, 1, 1, 4, 9, 
PG, 27, HOU, 15, 1, 272, 38, 79, .481, 14, 39, .359, 24, 40, .600, .570, 6, 7, .857, 3, 24, 27, 31, 8, 1, 6, 28, 96, 
PG, 33, BOS, 17, 17, 587, 80, 188, .426, 30, 78, .385, 50, 110, .455, .505, 21, 26, .808, 31, 92, 123, 88, 11, 15, 38, 29, 211, 
SG, 34, DEN, 12, 4, 174, 22, 38, .579, 14, 27, .519, 8, 11, .727, .763, 0, 0, , 3, 18, 21, 15, 6, 0, 3, 15, 58, 
C, 30, DAL, 10, 1, 110, 12, 24, .500, 0, 0, , 12, 24, .500, .500, 5, 12, .417, 15, 24, 39, 5, 1, 5, 6, 17, 29, 
C, 21, OKC, 19, 19, 570, 119, 224, .531, 32, 81, .395, 87, 143, .608, .603, 64, 74, .865, 33, 119, 152, 50, 18, 42, 37, 54, 334, 
SG, 20, LAL, 4, 0, 44, 4, 15, .267, 1, 8, .125, 3, 7, .429, .300, 4, 8, .500, 0, 2, 2, 3, 0, 0, 3, 6, 13, 
C, 37, BOS, 17, 7, 446, 50, 103, .485, 23, 64, .359, 27, 39, .692, .597, 7, 7, 1.000, 27, 85, 112, 47, 9, 18, 16, 32, 130, 
PG, 23, UTA, 20, 8, 446, 69, 183, .377, 24, 78, .308, 45, 105, .429, .443, 23, 27, .852, 10, 48, 58, 89, 19, 9, 38, 46, 185, 
SF, 30, PHI, 10, 0, 127, 13, 31, .419, 4, 16, .250, 9, 15, .600, .484, 8, 10, .800, 4, 10, 14, 8, 5, 1, 9, 10, 38, 
SF, 21, ORL, 12, 0, 95, 11, 21, .524, 10, 20, .500, 1, 1, 1.000, .762, 4, 4, 1.000, 2, 11, 13, 5, 2, 0, 3, 9, 36, 
SF, 20, ORL, 5, 0, 23, 1, 10, .100, 0, 8, .000, 1, 2, .500, .100, 0, 0, , 1, 1, 2, 2, 0, 0, 2, 0, 2, 
SG, 25, SAC, 17, 17, 470, 82, 182, .451, 44, 114, .386, 38, 68, .559, .571, 13, 16, .813, 12, 68, 80, 52, 14, 6, 16, 39, 221, 
C, 25, DEN, 2, 0, 2, 1, 1, 1.000, 0, 0, , 1, 1, 1.000, 1.000, 0, 0, , 0, 0, 0, 0, 0, 0, 0, 0, 2, 
SF, 26, ATL, 19, 19, 570, 90, 200, .450, 33, 92, .359, 57, 108, .528, .533, 59, 66, .894, 13, 65, 78, 25, 18, 7, 29, 62, 272, 
PG, 23, LAC, 12, 2, 201, 37, 88, .420, 17, 48, .354, 20, 40, .500, .517, 9, 10, .900, 2, 12, 14, 24, 7, 0, 19, 22, 100, 
SF, 36, ORL, 20, 0, 378, 34, 81, .420, 20, 51, .392, 14, 30, .467, .543, 11, 13, .846, 9, 43, 52, 69, 17, 2, 19, 31, 99, 
SF, 26, NOP, 18, 18, 612, 166, 333, .498, 22, 76, .289, 144, 257, .560, .532, 67, 86, .779, 9, 84, 93, 95, 14, 3, 47, 37, 421, 
SG, 31, DAL, 15, 15, 500, 131, 288, .455, 39, 105, .371, 92, 183, .503, .523, 53, 59, .898, 10, 52, 62, 82, 16, 5, 22, 28, 354, 
PF, 26, ORL, 15, 0, 201, 32, 73, .438, 8, 35, .229, 24, 38, .632, .493, 23, 29, .793, 18, 49, 67, 5, 13, 19, 10, 21, 95, 
SG, 21, DET, 16, 6, 369, 65, 131, .496, 17, 49, .347, 48, 82, .585, .561, 37, 47, .787, 13, 30, 43, 47, 11, 6, 33, 45, 184, 
SG, 22, MIL, 15, 3, 129, 14, 22, .636, 6, 11, .545, 8, 11, .727, .773, 0, 0, , 10, 10, 20, 11, 5, 0, 8, 23, 34, 
PF, 19, MEM, 3, 0, 7, 0, 4, .000, 0, 2, .000, 0, 2, .000, .000, 0, 0, , 1, 2, 3, 0, 1, 0, 1, 0, 0, 
C, 22, IND, 11, 0, 140, 19, 34, .559, 0, 1, .000, 19, 33, .576, .559, 16, 23, .696, 16, 29, 45, 10, 5, 19, 5, 33, 54, 
C, 24, MEM, 19, 19, 585, 125, 296, .422, 26, 92, .283, 99, 204, .485, .466, 96, 116, .828, 34, 83, 117, 36, 11, 34, 37, 66, 372, 
PG, 33, DEN, 21, 13, 565, 116, 228, .509, 35, 86, .407, 81, 142, .570, .586, 18, 28, .643, 8, 43, 51, 95, 16, 7, 35, 42, 285, 
PF, 23, GSW, 13, 0, 102, 12, 22, .545, 0, 0, , 12, 22, .545, .545, 15, 25, .600, 11, 12, 23, 6, 2, 7, 6, 18, 39, 
PF, 39, LAL, 20, 20, 671, 183, 332, .551, 44, 115, .383, 139, 217, .641, .617, 78, 113, .690, 16, 136, 152, 127, 27, 15, 73, 21, 488, 
SF, 22, MIA, 20, 4, 534, 96, 183, .525, 24, 61, .393, 72, 122, .590, .590, 23, 29, .793, 23, 54, 77, 51, 22, 4, 29, 46, 239, 
SG, 26, NYK, 7, 0, 19, 3, 8, .375, 1, 4, .250, 2, 4, .500, .438, 0, 2, .000, 0, 3, 3, 1, 0, 0, 1, 1, 7, 
SG, 26, CLE, 2, 0, 15, 2, 4, .500, 0, 1, .000, 2, 3, .667, .500, 0, 0, , 1, 0, 1, 3, 0, 0, 1, 2, 4, 
SG, 24, OKC, 19, 0, 397, 65, 142, .458, 52, 113, .460, 13, 29, .448, .641, 20, 24, .833, 2, 46, 48, 23, 16, 6, 9, 23, 202, 
PF, 27, BRK, 12, 12, 351, 66, 145, .455, 29, 77, .377, 37, 68, .544, .555, 20, 24, .833, 24, 47, 71, 35, 10, 1, 17, 21, 181, 
SF, 22, ATL, 15, 12, 449, 85, 143, .594, 17, 40, .425, 68, 103, .660, .654, 25, 33, .758, 20, 89, 109, 36, 17, 15, 30, 33, 212, 
SF, 24, SAS, 18, 18, 591, 112, 237, .473, 35, 98, .357, 77, 139, .554, .546, 39, 54, .722, 21, 96, 117, 74, 14, 5, 23, 45, 298, 
SF, 23, OKC, 1, 0, 6, 0, 1, .000, 0, 0, , 0, 1, .000, .000, 0, 0, , 0, 0, 0, 0, 0, 0, 0, 0, 0, 
C, 28, DEN, 20, 20, 681, 227, 400, .568, 25, 83, .301, 202, 317, .637, .599, 100, 128, .781, 65, 190, 255, 196, 24, 16, 58, 51, 579, 
SG, 21, SAC, 9, 0, 70, 13, 28, .464, 1, 8, .125, 12, 20, .600, .482, 2, 3, .667, 6, 8, 14, 2, 2, 1, 4, 9, 29, 
C, 28, CLE, 10, 0, 51, 4, 8, .500, 0, 0, , 4, 8, .500, .500, 1, 2, .500, 4, 6, 10, 3, 1, 2, 3, 3, 9, 
SF, 26, DAL, 19, 18, 445, 67, 138, .486, 34, 82, .415, 33, 56, .589, .609, 19, 25, .760, 21, 48, 69, 19, 11, 13, 19, 30, 187, 
SF, 25, NOP, 18, 18, 561, 72, 141, .511, 21, 62, .339, 51, 79, .646, .585, 48, 55, .873, 17, 58, 75, 50, 34, 23, 30, 61, 213, 
PG, 24, SAS, 16, 0, 383, 48, 113, .425, 10, 35, .286, 38, 78, .487, .469, 20, 23, .870, 10, 37, 47, 81, 12, 4, 24, 20, 126, 
PG, 27, WAS, 19, 19, 509, 88, 179, .492, 21, 60, .350, 67, 119, .563, .550, 9, 13, .692, 6, 47, 53, 93, 18, 2, 12, 18, 206, 
C, 35, DEN, 6, 1, 87, 15, 22, .682, 0, 0, , 15, 22, .682, .682, 6, 21, .286, 8, 19, 27, 7, 2, 1, 7, 10, 36, 
PG, 32, GSW, 10, 0, 108, 6, 25, .240, 4, 18, .222, 2, 7, .286, .320, 4, 7, .571, 2, 7, 9, 21, 3, 1, 5, 10, 20, 
PF, 20, MIA, 3, 1, 45, 4, 11, .364, 3, 6, .500, 1, 5, .200, .500, 3, 4, .750, 1, 20, 21, 9, 1, 0, 4, 7, 14, 
SG, 27, MEM, 8, 0, 172, 21, 58, .362, 17, 46, .370, 4, 12, .333, .509, 7, 7, 1.000, 3, 20, 23, 16, 5, 1, 5, 4, 66, 
C, 22, UTA, 13, 8, 318, 53, 93, .570, 2, 11, .182, 51, 82, .622, .581, 11, 19, .579, 41, 62, 103, 9, 3, 32, 15, 28, 119, 
SF, 26, DEN, 6, 0, 15, 1, 5, .200, 0, 2, .000, 1, 3, .333, .200, 1, 2, .500, 0, 3, 3, 5, 0, 0, 0, 3, 3, 
SF, 24, WAS, 18, 1, 412, 66, 148, .446, 35, 94, .372, 31, 54, .574, .564, 29, 37, .784, 9, 37, 46, 29, 8, 0, 17, 32, 196, 
C, 32, DAL, 5, 1, 90, 4, 16, .250, 3, 9, .333, 1, 7, .143, .344, 6, 10, .600, 4, 17, 21, 10, 1, 1, 4, 8, 17, 
SF, 24, DET, 6, 2, 124, 21, 41, .512, 9, 21, .429, 12, 20, .600, .622, 2, 3, .667, 5, 16, 21, 3, 4, 1, 6, 12, 53, 
SF, 27, MEM, 15, 2, 265, 17, 48, .354, 8, 27, .296, 9, 21, .429, .438, 3, 4, .750, 17, 42, 59, 22, 9, 10, 6, 16, 45, 
SG, 26, PHI, 14, 0, 103, 11, 30, .367, 4, 15, .267, 7, 15, .467, .433, 5, 7, .714, 1, 7, 8, 6, 9, 0, 6, 7, 31, 
C, 28, BOS, 14, 0, 184, 26, 32, .813, 0, 0, , 26, 32, .813, .813, 8, 10, .800, 17, 30, 47, 7, 7, 9, 5, 17, 60, 
PF, 21, GSW, 19, 1, 376, 75, 167, .449, 11, 44, .250, 64, 123, .520, .482, 48, 70, .686, 14, 43, 57, 19, 10, 7, 26, 43, 209, 
PF, 28, WAS, 19, 19, 594, 174, 367, .474, 44, 123, .358, 130, 244, .533, .534, 56, 68, .824, 18, 97, 115, 88, 6, 12, 47, 38, 448, 
C, 28, HOU, 13, 0, 113, 9, 26, .346, 2, 10, .200, 7, 16, .438, .385, 4, 4, 1.000, 9, 14, 23, 8, 4, 3, 8, 9, 24, 
PF, 22, MEM, 5, 0, 61, 7, 20, .350, 2, 12, .167, 5, 8, .625, .400, 1, 2, .500, 3, 5, 8, 2, 1, 0, 2, 8, 17, 
SG, 28, CHI, 18, 18, 635, 132, 298, .443, 43, 128, .336, 89, 170, .524, .515, 71, 82, .866, 6, 82, 88, 61, 17, 4, 36, 37, 378, 
SG, 23, DAL, 2, 0, 23, 4, 11, .364, 3, 8, .375, 1, 3, .333, .500, 2, 4, .500, 0, 1, 1, 2, 0, 1, 0, 1, 13, 
PG, 24, PHO, 3, 0, 10, 3, 6, .500, 0, 1, .000, 3, 5, .600, .500, 0, 0, , 2, 1, 3, 3, 0, 1, 0, 1, 6, 
C, 30, SAC, 6, 0, 41, 6, 8, .750, 0, 1, .000, 6, 7, .857, .750, 3, 7, .429, 7, 9, 16, 5, 1, 5, 2, 2, 15, 
SF, 32, LAC, 19, 19, 653, 155, 324, .478, 41, 104, .394, 114, 220, .518, .542, 63, 76, .829, 17, 97, 114, 65, 31, 13, 29, 30, 414, 
SG, 29, CLE, 16, 1, 486, 87, 213, .408, 27, 87, .310, 60, 126, .476, .472, 37, 50, .740, 7, 52, 59, 57, 16, 6, 22, 29, 238, 
PG, 22, NOP, 11, 0, 121, 14, 43, .326, 2, 15, .133, 12, 28, .429, .349, 8, 9, .889, 3, 7, 10, 18, 5, 1, 5, 8, 38, 
SF, 21, LAL, 10, 0, 43, 0, 5, .000, 0, 1, .000, 0, 4, .000, .000, 0, 0, , 1, 1, 2, 2, 2, 0, 4, 2, 0, 
PF, 23, NOP, 3, 0, 9, 1, 4, .250, 0, 3, .000, 1, 1, 1.000, .250, 2, 2, 1.000, 0, 2, 2, 0, 0, 1, 1, 1, 4, 
PG, 33, MIL, 18, 18, 630, 132, 308, .429, 51, 152, .336, 81, 156, .519, .511, 144, 156, .923, 13, 69, 82, 125, 19, 2, 50, 25, 459, 
PF, 23, PHO, 14, 0, 211, 27, 56, .482, 10, 32, .313, 17, 24, .708, .571, 14, 16, .875, 7, 24, 31, 9, 9, 8, 5, 18, 78, 
C, 19, DAL, 17, 16, 427, 65, 90, .722, 0, 2, .000, 65, 88, .739, .722, 16, 27, .593, 51, 82, 133, 21, 10, 26, 19, 54, 146, 
PF, 25, DET, 6, 1, 135, 14, 40, .350, 9, 27, .333, 5, 13, .385, .463, 5, 7, .714, 4, 10, 14, 7, 1, 0, 10, 10, 42, 
SF, 20, MIL, 2, 0, 9, 2, 2, 1.000, 1, 1, 1.000, 1, 1, 1.000, 1.250, 0, 0, , 0, 0, 0, 1, 0, 0, 0, 0, 5, 
PF, 21, MEM, 13, 0, 94, 13, 34, .382, 2, 8, .250, 11, 26, .423, .412, 6, 13, .462, 2, 12, 14, 12, 2, 3, 6, 15, 34, 
C, 27, GSW, 20, 17, 464, 48, 82, .585, 0, 0, , 48, 82, .585, .585, 19, 27, .704, 58, 115, 173, 56, 15, 7, 19, 55, 115, 
C, 35, MIL, 20, 20, 596, 101, 199, .508, 37, 102, .363, 64, 97, .660, .601, 30, 37, .811, 27, 71, 98, 27, 16, 55, 19, 47, 269, 
C, 35, MIL, 3, 0, 9, 0, 0, , 0, 0, , 0, 0, , , 2, 2, 1.000, 0, 0, 0, 1, 0, 0, 1, 2, 2, 
PF, 35, MIA, 14, 4, 248, 33, 85, .388, 20, 60, .333, 13, 25, .520, .506, 24, 29, .828, 15, 76, 91, 35, 2, 0, 8, 27, 110, 
PG, 37, MIA, 19, 19, 557, 59, 133, .444, 40, 90, .444, 19, 43, .442, .594, 20, 22, .909, 17, 63, 80, 82, 23, 5, 25, 54, 178, 
PF, 28, SAC, 5, 0, 106, 13, 33, .394, 7, 23, .304, 6, 10, .600, .500, 8, 13, .615, 8, 22, 30, 3, 0, 1, 7, 12, 41, 
PG, 22, CHO, 13, 1, 200, 19, 66, .288, 5, 30, .167, 14, 36, .389, .326, 11, 12, .917, 4, 19, 23, 28, 7, 0, 15, 18, 54, 
C, 24, SAS, 7, 0, 55, 6, 15, .400, 2, 7, .286, 4, 8, .500, .467, 5, 6, .833, 6, 7, 13, 8, 2, 1, 3, 8, 19, 
SG, 27, LAC, 13, 9, 346, 35, 81, .432, 6, 35, .171, 29, 46, .630, .469, 8, 13, .615, 16, 35, 51, 28, 11, 5, 9, 26, 84, 
PG, 22, OKC, 6, 0, 47, 10, 18, .556, 3, 8, .375, 7, 10, .700, .639, 1, 1, 1.000, 3, 9, 12, 8, 1, 0, 5, 1, 24, 
C, 35, HOU, 3, 0, 20, 5, 9, .556, 0, 1, .000, 5, 8, .625, .556, 0, 1, .000, 2, 6, 8, 3, 0, 1, 0, 2, 10, 
PF, 26, UTA, 15, 15, 512, 122, 252, .484, 49, 128, .383, 73, 124, .589, .581, 63, 75, .840, 36, 94, 130, 16, 17, 13, 20, 34, 356, 
SF, 26, NOP, 12, 0, 263, 36, 78, .462, 15, 35, .429, 21, 43, .488, .558, 24, 29, .828, 16, 41, 57, 27, 10, 4, 16, 18, 111, 
SF, 28, MIA, 10, 0, 229, 40, 96, .417, 10, 34, .294, 30, 62, .484, .469, 9, 11, .818, 10, 21, 31, 17, 10, 0, 12, 19, 99, 
SF, 23, TOT, 11, 0, 85, 8, 22, .364, 1, 6, .167, 7, 16, .438, .386, 3, 6, .500, 3, 9, 12, 4, 5, 1, 5, 14, 20, 
SF, 23, LAC, 2, 0, 31, 4, 10, .400, 1, 5, .200, 3, 5, .600, .450, 1, 2, .500, 1, 2, 3, 1, 2, 1, 2, 3, 10, 
SF, 23, PHI, 9, 0, 54, 4, 12, .333, 0, 1, .000, 4, 11, .364, .333, 2, 4, .500, 2, 7, 9, 3, 3, 0, 3, 11, 10, 
SG, 27, ATL, 7, 0, 47, 4, 11, .364, 4, 11, .364, 0, 0, , .545, 0, 0, , 2, 5, 7, 1, 1, 0, 1, 4, 12, 
SF, 21, IND, 18, 12, 443, 87, 192, .453, 20, 58, .345, 67, 134, .500, .505, 40, 52, .769, 20, 47, 67, 35, 11, 3, 24, 35, 234, 
SG, 37, ATL, 9, 0, 95, 6, 17, .353, 5, 16, .313, 1, 1, 1.000, .500, 4, 8, .500, 2, 8, 10, 7, 3, 1, 2, 12, 21, 
PG, 23, PHI, 18, 18, 691, 169, 364, .464, 59, 149, .396, 110, 215, .512, .545, 89, 99, .899, 12, 71, 83, 120, 15, 12, 28, 34, 486, 
PG, 26, POR, 14, 5, 273, 43, 106, .406, 12, 41, .293, 31, 65, .477, .462, 11, 13, .846, 4, 20, 24, 63, 11, 2, 15, 19, 109, 
PG, 23, NYK, 12, 0, 54, 8, 17, .471, 4, 13, .308, 4, 4, 1.000, .588, 1, 2, .500, 1, 2, 3, 3, 4, 0, 0, 7, 21, 
PG, 32, NOP, 8, 8, 272, 59, 134, .440, 23, 66, .348, 36, 68, .529, .526, 28, 36, .778, 7, 29, 36, 47, 13, 7, 11, 18, 169, 
PG, 31, IND, 12, 0, 179, 41, 70, .586, 1, 6, .167, 40, 64, .625, .593, 10, 14, .714, 7, 23, 30, 52, 8, 2, 11, 16, 93, 
SF, 23, MIN, 11, 11, 260, 46, 79, .582, 11, 29, .379, 35, 50, .700, .652, 2, 2, 1.000, 7, 17, 24, 14, 6, 4, 11, 36, 105, 
SF, 26, TOR, 15, 0, 138, 13, 46, .283, 4, 22, .182, 9, 24, .375, .326, 2, 2, 1.000, 4, 14, 18, 9, 5, 3, 6, 13, 32, 
SF, 32, SAS, 17, 0, 283, 38, 79, .481, 28, 59, .475, 10, 20, .500, .658, 4, 6, .667, 3, 16, 19, 31, 6, 2, 12, 22, 108, 
C, 36, SAC, 16, 0, 157, 40, 58, .690, 0, 1, .000, 40, 57, .702, .690, 11, 19, .579, 23, 38, 61, 7, 4, 11, 17, 20, 91, 
SG, 21, CHO, 13, 1, 205, 20, 45, .444, 13, 29, .448, 7, 16, .438, .589, 8, 10, .800, 4, 21, 25, 12, 6, 2, 7, 18, 61, 
PG, 27, MIN, 5, 0, 19, 1, 4, .250, 1, 2, .500, 0, 2, .000, .375, 2, 2, 1.000, 0, 0, 0, 5, 0, 2, 0, 2, 5, 
SG, 25, PHI, 19, 19, 574, 79, 199, .397, 46, 115, .400, 33, 84, .393, .513, 40, 51, .784, 16, 60, 76, 70, 25, 8, 27, 51, 244, 
SG, 27, CLE, 10, 0, 75, 8, 25, .320, 8, 22, .364, 0, 3, .000, .480, 0, 0, , 2, 4, 6, 6, 2, 0, 2, 6, 24, 
C, 26, PHO, 11, 0, 78, 11, 22, .500, 3, 9, .333, 8, 13, .615, .568, 3, 4, .750, 2, 13, 15, 4, 1, 3, 3, 13, 28, 
PG, 30, OKC, 8, 0, 98, 9, 24, .375, 5, 14, .357, 4, 10, .400, .479, 4, 6, .667, 0, 4, 4, 22, 1, 0, 10, 6, 27, 
SF, 32, MIL, 16, 16, 333, 72, 156, .462, 20, 61, .328, 52, 95, .547, .526, 25, 32, .781, 11, 56, 67, 62, 12, 1, 26, 30, 189, 
SF, 21, CHO, 16, 10, 497, 88, 192, .458, 27, 71, .380, 61, 121, .504, .529, 27, 34, .794, 20, 45, 65, 32, 10, 8, 20, 48, 230, 
SF, 24, LAC, 2, 0, 7, 2, 3, .667, 1, 1, 1.000, 1, 2, .500, .833, 0, 0, , 0, 0, 0, 0, 0, 0, 0, 2, 5, 
SF, 20, MIN, 3, 0, 6, 1, 2, .500, 0, 0, , 1, 2, .500, .500, 0, 0, , 0, 6, 6, 1, 0, 0, 0, 1, 2, 
SF, 19, BRK, 1, 0, 3, 0, 0, , 0, 0, , 0, 0, , , 1, 2, .500, 0, 0, 0, 0, 0, 1, 0, 0, 1, 
PG, 35, ATL, 1, 0, 5, 1, 2, .500, 1, 1, 1.000, 0, 1, .000, .750, 0, 0, , 0, 1, 1, 0, 0, 0, 0, 0, 3, 
SG, 27, MIN, 19, 0, 309, 35, 97, .361, 8, 37, .216, 27, 60, .450, .402, 28, 35, .800, 4, 33, 37, 29, 14, 3, 20, 30, 106, 
SF, 24, POR, 5, 0, 30, 2, 6, .333, 2, 4, .500, 0, 2, .000, .500, 1, 2, .500, 4, 1, 5, 0, 0, 1, 1, 1, 7, 
SF, 21, MIN, 9, 0, 23, 6, 12, .500, 0, 5, .000, 6, 7, .857, .500, 2, 4, .500, 1, 2, 3, 1, 0, 1, 0, 4, 14, 
PG, 25, SAC, 14, 3, 237, 25, 69, .362, 12, 41, .293, 13, 28, .464, .449, 9, 9, 1.000, 1, 16, 17, 37, 5, 2, 13, 23, 71, 
SG, 27, CLE, 15, 15, 532, 141, 315, .448, 43, 125, .344, 98, 190, .516, .516, 82, 91, .901, 16, 64, 80, 78, 31, 7, 38, 29, 407, 
PF, 22, CLE, 20, 20, 669, 134, 236, .568, 2, 10, .200, 132, 226, .584, .572, 50, 65, .769, 55, 160, 215, 59, 16, 34, 44, 55, 320, 
PF, 24, CLE, 2, 0, 10, 1, 3, .333, 0, 1, .000, 1, 2, .500, .333, 0, 0, , 0, 2, 2, 3, 1, 0, 1, 2, 2, 
SG, 25, SAC, 18, 0, 441, 82, 195, .421, 45, 109, .413, 37, 86, .430, .536, 51, 57, .895, 10, 42, 52, 82, 13, 9, 40, 31, 260, 
SG, 21, GSW, 20, 4, 376, 63, 128, .492, 24, 64, .375, 39, 64, .609, .586, 23, 31, .742, 24, 44, 68, 23, 16, 6, 11, 27, 173, 
SG, 22, MIN, 1, 0, 2, 0, 1, .000, 0, 1, .000, 0, 0, , .000, 0, 0, , 0, 0, 0, 0, 0, 0, 0, 0, 0, 
PF, 34, PHI, 12, 3, 145, 23, 51, .451, 11, 23, .478, 12, 28, .429, .559, 3, 3, 1.000, 5, 20, 25, 6, 4, 5, 5, 19, 60, 
PF, 34, DAL, 3, 0, 23, 3, 13, .231, 2, 8, .250, 1, 5, .200, .308, 0, 0, , 2, 2, 4, 2, 0, 0, 0, 2, 8, 
SF, 23, NOP, 1, 0, 22, 7, 13, .538, 4, 10, .400, 3, 3, 1.000, .692, 0, 0, , 1, 2, 3, 1, 1, 1, 0, 0, 18, 
SG, 27, ATL, 19, 19, 649, 146, 319, .458, 44, 112, .393, 102, 207, .493, .527, 51, 59, .864, 13, 65, 78, 97, 34, 5, 45, 26, 387, 
PG, 26, DEN, 8, 8, 238, 46, 111, .414, 17, 40, .425, 29, 71, .408, .491, 21, 24, .875, 3, 21, 24, 58, 2, 5, 16, 15, 130, 
SF, 23, SAC, 14, 14, 454, 67, 174, .385, 29, 99, .293, 38, 75, .507, .468, 17, 20, .850, 24, 61, 85, 27, 18, 8, 17, 31, 180, 
SF, 23, POR, 10, 0, 88, 6, 20, .300, 3, 12, .250, 3, 8, .375, .375, 3, 5, .600, 4, 4, 8, 3, 5, 1, 1, 8, 18, 
C, 32, WAS, 7, 1, 82, 8, 19, .421, 3, 10, .300, 5, 9, .556, .500, 4, 4, 1.000, 2, 17, 19, 8, 1, 3, 7, 7, 23, 
SF, 26, BOS, 8, 0, 59, 6, 17, .353, 4, 14, .286, 2, 3, .667, .471, 0, 0, , 1, 4, 5, 1, 3, 0, 4, 4, 16, 
C, 31, NOP, 14, 0, 211, 21, 42, .500, 3, 11, .273, 18, 31, .581, .536, 4, 8, .500, 18, 40, 58, 10, 9, 4, 13, 19, 49, 
PG, 24, IND, 15, 2, 289, 48, 107, .449, 9, 37, .243, 39, 70, .557, .491, 5, 7, .714, 9, 19, 28, 67, 14, 0, 22, 32, 110, 
SF, 24, IND, 16, 1, 379, 64, 117, .547, 29, 63, .460, 35, 54, .648, .671, 19, 30, .633, 15, 38, 53, 16, 17, 9, 9, 53, 176, 
PF, 30, CLE, 20, 1, 447, 62, 150, .413, 31, 89, .348, 31, 61, .508, .517, 12, 13, .923, 6, 73, 79, 24, 7, 2, 11, 46, 167, 
PG, 21, MIN, 5, 0, 20, 3, 8, .375, 2, 5, .400, 1, 3, .333, .500, 0, 0, , 0, 1, 1, 0, 1, 0, 0, 0, 8, 
PF, 23, DEN, 19, 0, 199, 25, 51, .490, 3, 7, .429, 22, 44, .500, .520, 17, 28, .607, 23, 21, 44, 8, 3, 10, 10, 26, 70, 
SG, 24, MEM, 5, 1, 94, 13, 36, .361, 2, 14, .143, 11, 22, .500, .389, 3, 3, 1.000, 3, 9, 12, 7, 2, 0, 2, 8, 31, 
SG, 24, TOR, 1, 0, 4, 0, 1, .000, 0, 0, , 0, 1, .000, .000, 2, 2, 1.000, 2, 0, 2, 2, 1, 0, 0, 0, 2, 
C, 29, PHO, 20, 20, 557, 89, 190, .468, 13, 50, .260, 76, 140, .543, .503, 51, 68, .750, 58, 125, 183, 77, 21, 26, 44, 73, 242, 
SF, 25, IND, 5, 0, 73, 14, 34, .412, 4, 15, .267, 10, 19, .526, .471, 3, 4, .750, 6, 9, 15, 6, 4, 1, 7, 8, 35, 
SF, 30, BRK, 18, 5, 534, 50, 131, .382, 45, 111, .405, 5, 20, .250, .553, 2, 6, .333, 13, 85, 98, 62, 15, 15, 18, 56, 147, 
SF, 25, ORL, 9, 0, 37, 4, 13, .308, 3, 10, .300, 1, 3, .333, .423, 0, 0, , 3, 4, 7, 3, 0, 0, 2, 0, 11, 
SG, 25, PHO, 20, 9, 442, 42, 98, .429, 11, 43, .256, 31, 55, .564, .485, 45, 58, .776, 35, 38, 73, 22, 19, 9, 18, 27, 140, 
C, 23, ATL, 19, 0, 442, 61, 107, .570, 5, 21, .238, 56, 86, .651, .593, 41, 48, .854, 48, 78, 126, 27, 10, 15, 15, 52, 168, 
SF, 23, CLE, 11, 5, 268, 32, 64, .500, 8, 21, .381, 24, 43, .558, .563, 10, 15, .667, 14, 26, 40, 19, 12, 6, 9, 28, 82, 
C, 32, UTA, 19, 1, 400, 50, 86, .581, 16, 34, .471, 34, 52, .654, .674, 29, 33, .879, 36, 69, 105, 71, 16, 4, 37, 55, 145, 
SF, 26, WAS, 11, 0, 75, 23, 36, .639, 5, 11, .455, 18, 25, .720, .708, 12, 16, .750, 9, 12, 21, 8, 5, 1, 6, 10, 63, 
SF, 28, SAS, 19, 0, 369, 58, 126, .460, 29, 73, .397, 29, 53, .547, .575, 11, 14, .786, 9, 29, 38, 28, 8, 4, 12, 33, 156, 
SF, 28, PHI, 8, 5, 232, 47, 94, .500, 14, 37, .378, 33, 57, .579, .574, 22, 28, .786, 11, 30, 41, 5, 11, 3, 7, 19, 130, 
PG, 38, GSW, 18, 7, 483, 57, 143, .399, 21, 64, .328, 36, 79, .456, .472, 26, 28, .929, 5, 60, 65, 131, 27, 1, 20, 29, 161, 
PG, 29, MIL, 20, 2, 344, 48, 99, .485, 26, 58, .448, 22, 41, .537, .616, 8, 8, 1.000, 1, 27, 28, 47, 8, 2, 16, 43, 130, 
SG, 31, GSW, 14, 0, 242, 34, 71, .479, 9, 28, .321, 25, 43, .581, .542, 6, 9, .667, 15, 29, 44, 13, 17, 4, 9, 26, 83, 
C, 23, TOT, 3, 0, 10, 1, 2, .500, 0, 0, , 1, 2, .500, .500, 1, 2, .500, 0, 1, 1, 0, 0, 0, 0, 1, 3, 
C, 23, PHI, 1, 0, 3, 0, 0, , 0, 0, , 0, 0, , , 0, 0, , 0, 1, 1, 0, 0, 0, 0, 0, 0, 
C, 23, SAC, 2, 0, 7, 1, 2, .500, 0, 0, , 1, 2, .500, .500, 1, 2, .500, 0, 0, 0, 0, 0, 0, 0, 1, 3, 
SF, 20, CHI, 10, 0, 48, 3, 13, .231, 0, 6, .000, 3, 7, .429, .231, 1, 4, .250, 1, 6, 7, 4, 1, 0, 1, 6, 7, 
SG, 24, DEN, 11, 0, 74, 9, 20, .450, 5, 14, .357, 4, 6, .667, .575, 2, 2, 1.000, 1, 9, 10, 7, 3, 0, 6, 7, 25, 
C, 33, LAC, 6, 0, 102, 12, 19, .632, 0, 0, , 12, 19, .632, .632, 6, 14, .429, 8, 25, 33, 6, 4, 1, 5, 6, 30, 
SG, 20, GSW, 14, 0, 262, 38, 83, .458, 15, 34, .441, 23, 49, .469, .548, 11, 15, .733, 13, 47, 60, 31, 7, 2, 14, 23, 102, 
C, 28, TOR, 20, 20, 533, 105, 144, .729, 0, 0, , 105, 144, .729, .729, 17, 35, .486, 56, 114, 170, 46, 17, 21, 34, 55, 227, 
PF, 22, OKC, 6, 0, 34, 2, 9, .222, 1, 6, .167, 1, 3, .333, .278, 1, 2, .500, 2, 5, 7, 5, 0, 1, 3, 5, 6, 
SG, 24, WAS, 18, 18, 529, 108, 276, .391, 34, 119, .286, 74, 157, .471, .453, 59, 69, .855, 9, 41, 50, 63, 21, 7, 51, 58, 309, 
PG, 23, CLE, 13, 1, 178, 37, 66, .561, 3, 7, .429, 34, 59, .576, .583, 16, 22, .727, 3, 20, 23, 30, 7, 5, 14, 15, 93, 
SF, 25, DEN, 21, 21, 661, 141, 296, .476, 61, 160, .381, 80, 136, .588, .579, 23, 31, .742, 35, 134, 169, 37, 11, 17, 25, 48, 366, 
SF, 30, TOR, 9, 1, 110, 10, 23, .435, 7, 16, .438, 3, 7, .429, .587, 1, 1, 1.000, 6, 16, 22, 1, 3, 3, 1, 10, 28, 
PF, 28, MIL, 20, 0, 478, 93, 196, .474, 15, 51, .294, 78, 145, .538, .513, 25, 33, .758, 26, 108, 134, 24, 17, 10, 18, 46, 226, 
C, 28, BOS, 15, 15, 454, 98, 179, .547, 24, 74, .324, 74, 105, .705, .615, 64, 80, .800, 22, 78, 100, 28, 10, 25, 19, 51, 284, 
C, 32, DAL, 17, 1, 242, 21, 29, .724, 1, 1, 1.000, 20, 28, .714, .741, 30, 38, .789, 21, 30, 51, 22, 5, 8, 7, 29, 73, 
SG, 30, LAC, 19, 0, 451, 76, 158, .481, 35, 76, .461, 41, 82, .500, .592, 40, 49, .816, 4, 32, 36, 19, 13, 9, 20, 39, 227, 
PF, 29, LAL, 19, 19, 568, 62, 149, .416, 29, 85, .341, 33, 64, .516, .513, 12, 16, .750, 6, 40, 46, 28, 12, 8, 13, 43, 165, 
PG, 26, BOS, 19, 0, 395, 45, 115, .391, 24, 72, .333, 21, 43, .488, .496, 10, 13, .769, 19, 41, 60, 56, 7, 0, 11, 20, 124, 
PF, 21, DAL, 9, 0, 66, 4, 16, .250, 1, 10, .100, 3, 6, .500, .281, 8, 12, .667, 3, 7, 10, 4, 1, 0, 0, 5, 17, 
C, 24, BOS, 3, 0, 31, 4, 10, .400, 0, 0, , 4, 10, .400, .400, 4, 5, .800, 8, 9, 17, 0, 1, 0, 2, 2, 12, 
SG, 24, NYK, 19, 0, 464, 100, 229, .437, 39, 106, .368, 61, 123, .496, .522, 53, 60, .883, 4, 55, 59, 54, 9, 2, 22, 31, 292, 
SG, 23, GSW, 2, 0, 9, 2, 6, .333, 1, 4, .250, 1, 2, .500, .417, 0, 0, , 0, 0, 0, 0, 0, 0, 1, 1, 5, 
PF, 29, NYK, 19, 19, 664, 136, 330, .412, 31, 111, .279, 105, 219, .479, .459, 85, 121, .702, 40, 153, 193, 105, 14, 3, 60, 49, 388, 
C, 27, POR, 11, 1, 153, 27, 65, .415, 15, 42, .357, 12, 23, .522, .531, 9, 10, .900, 7, 13, 20, 12, 5, 3, 8, 17, 78, 
SG, 25, LAL, 21, 8, 620, 100, 215, .465, 26, 83, .313, 74, 132, .561, .526, 62, 73, .849, 19, 79, 98, 99, 22, 2, 50, 31, 288, 
SF, 24, LAL, 17, 10, 403, 42, 100, .420, 15, 47, .319, 27, 53, .509, .495, 23, 28, .821, 8, 38, 46, 19, 25, 5, 10, 28, 122, 
C, 24, PHI, 19, 1, 280, 47, 79, .595, 4, 9, .444, 43, 70, .614, .620, 6, 8, .750, 34, 49, 83, 20, 10, 12, 16, 40, 104, 
C, 24, MIN, 19, 0, 406, 89, 173, .514, 32, 80, .400, 57, 93, .613, .607, 29, 32, .906, 18, 58, 76, 13, 14, 11, 21, 28, 239, 
SG, 24, DET, 5, 0, 30, 5, 9, .556, 1, 4, .250, 4, 5, .800, .611, 2, 2, 1.000, 1, 3, 4, 3, 0, 0, 2, 4, 13, 
C, 26, CHO, 12, 0, 201, 34, 45, .756, 0, 0, , 34, 45, .756, .756, 29, 36, .806, 18, 50, 68, 5, 5, 14, 13, 33, 97, 
SG, 30, MIA, 17, 4, 470, 67, 145, .462, 21, 71, .296, 46, 74, .622, .534, 24, 27, .889, 9, 36, 45, 53, 10, 5, 20, 30, 179, 
SF, 29, MIA, 18, 10, 532, 94, 192, .490, 55, 123, .447, 39, 69, .565, .633, 21, 25, .840, 5, 41, 46, 49, 6, 3, 18, 46, 264, 
SG, 26, GSW, 1, 0, 5, 0, 2, .000, 0, 0, , 0, 2, .000, .000, 0, 0, , 1, 1, 2, 0, 0, 0, 0, 0, 0, 
C, 25, NYK, 19, 19, 567, 52, 90, .578, 0, 0, , 52, 90, .578, .578, 14, 36, .389, 106, 98, 204, 10, 29, 26, 18, 36, 118, 
C, 23, MIA, 6, 1, 96, 18, 31, .581, 4, 4, 1.000, 14, 27, .519, .645, 3, 4, .750, 7, 17, 24, 12, 2, 3, 6, 11, 43, 
PF, 23, NOP, 8, 1, 98, 13, 25, .520, 6, 11, .545, 7, 14, .500, .640, 6, 6, 1.000, 8, 14, 22, 5, 2, 0, 6, 9, 38, 
PF, 22, MEM, 19, 4, 451, 64, 148, .432, 19, 62, .306, 45, 86, .523, .497, 12, 17, .706, 20, 59, 79, 21, 12, 8, 17, 31, 159, 
PG, 21, WAS, 8, 0, 49, 9, 18, .500, 1, 2, .500, 8, 16, .500, .528, 13, 16, .813, 2, 8, 10, 10, 8, 2, 7, 6, 32, 
PG, 35, MEM, 10, 2, 190, 39, 83, .470, 8, 21, .381, 31, 62, .500, .518, 11, 13, .846, 6, 14, 20, 31, 5, 1, 12, 11, 97, 
SG, 29, CHO, 9, 9, 324, 77, 166, .464, 20, 54, .370, 57, 112, .509, .524, 29, 36, .806, 5, 28, 33, 59, 9, 3, 23, 13, 203, 
SG, 19, POR, 7, 0, 31, 1, 12, .083, 1, 6, .167, 0, 6, .000, .125, 2, 4, .500, 1, 0, 1, 2, 2, 0, 2, 1, 5, 
PG, 27, LAL, 21, 21, 649, 135, 277, .487, 47, 115, .409, 88, 162, .543, .572, 43, 55, .782, 8, 63, 71, 138, 17, 12, 38, 42, 360, 
SF, 26, NOP, 13, 1, 298, 38, 83, .458, 32, 68, .471, 6, 15, .400, .651, 13, 14, .929, 5, 25, 30, 14, 5, 1, 16, 24, 121, 
C, 27, SAC, 18, 18, 631, 128, 224, .571, 10, 24, .417, 118, 200, .590, .594, 69, 106, .651, 60, 153, 213, 125, 15, 15, 55, 65, 335, 
PF, 24, UTA, 9, 0, 55, 9, 24, .375, 3, 11, .273, 6, 13, .462, .438, 1, 1, 1.000, 3, 13, 16, 2, 1, 2, 4, 5, 22, 
SF, 25, HOU, 5, 0, 29, 2, 4, .500, 0, 2, .000, 2, 2, 1.000, .500, 2, 2, 1.000, 1, 6, 7, 2, 0, 1, 0, 3, 6, 
PF, 21, GSW, 2, 0, 12, 2, 4, .500, 0, 1, .000, 2, 3, .667, .500, 0, 0, , 2, 2, 4, 1, 0, 0, 2, 2, 4, 
C, 29, GSW, 20, 4, 433, 74, 163, .454, 32, 85, .376, 42, 78, .538, .552, 32, 38, .842, 30, 87, 117, 49, 14, 6, 21, 47, 212, 
C, 24, OKC, 5, 0, 54, 3, 6, .500, 2, 3, .667, 1, 3, .333, .667, 4, 6, .667, 4, 16, 20, 1, 0, 5, 2, 10, 12, 
PG, 23, DET, 20, 0, 371, 65, 141, .461, 27, 68, .397, 38, 73, .521, .557, 9, 9, 1.000, 3, 36, 39, 57, 14, 3, 16, 30, 166, 
PF, 26, ORL, 5, 0, 18, 2, 7, .286, 1, 6, .167, 1, 1, 1.000, .357, 0, 2, .000, 0, 1, 1, 1, 0, 0, 1, 2, 5, 
PG, 30, TOR, 20, 20, 632, 113, 260, .435, 36, 102, .353, 77, 158, .487, .504, 55, 64, .859, 10, 50, 60, 140, 18, 2, 35, 39, 317, 
SG, 23, NOP, 5, 0, 52, 4, 13, .308, 1, 2, .500, 3, 11, .273, .346, 5, 6, .833, 1, 6, 7, 4, 2, 1, 0, 4, 14, 
C, 21, HOU, 17, 17, 556, 147, 272, .540, 15, 47, .319, 132, 225, .587, .568, 48, 71, .676, 45, 111, 156, 94, 16, 13, 43, 53, 357, 
SF, 20, UTA, 1, 0, 2, 0, 2, .000, 0, 0, , 0, 2, .000, .000, 0, 0, , 1, 1, 2, 0, 0, 0, 0, 0, 0, 
SG, 25, UTA, 20, 0, 414, 85, 188, .452, 23, 68, .338, 62, 120, .517, .513, 58, 66, .879, 18, 34, 52, 64, 8, 4, 41, 34, 251, 
SG, 26, WAS, 15, 0, 253, 48, 101, .475, 24, 60, .400, 24, 41, .585, .594, 5, 11, .455, 2, 19, 21, 22, 9, 2, 9, 31, 125, 
C, 22, BRK, 19, 0, 298, 49, 86, .570, 0, 4, .000, 49, 82, .598, .570, 26, 41, .634, 43, 79, 122, 15, 7, 13, 20, 41, 124, 
SG, 20, POR, 19, 18, 703, 117, 283, .413, 37, 109, .339, 80, 174, .460, .479, 65, 77, .844, 29, 77, 106, 64, 21, 8, 58, 58, 336, 
SG, 22, IND, 9, 0, 58, 9, 22, .409, 5, 15, .333, 4, 7, .571, .523, 2, 2, 1.000, 1, 4, 5, 5, 1, 0, 1, 6, 25, 
PF, 29, TOR, 20, 20, 686, 154, 323, .477, 16, 81, .198, 138, 242, .570, .502, 76, 102, .745, 33, 110, 143, 99, 15, 4, 53, 46, 400, 
PG, 27, BRK, 6, 6, 191, 19, 36, .528, 0, 0, , 19, 36, .528, .528, 1, 4, .250, 16, 49, 65, 40, 3, 5, 15, 16, 39, 
SG, 24, POR, 1, 1, 27, 6, 14, .429, 2, 6, .333, 4, 8, .500, .500, 4, 4, 1.000, 1, 1, 2, 4, 2, 0, 0, 2, 18, 
C, 25, NYK, 8, 0, 22, 2, 3, .667, 0, 0, , 2, 3, .667, .667, 1, 3, .333, 1, 9, 10, 1, 0, 0, 0, 1, 5, 
SF, 24, SAC, 4, 0, 17, 2, 3, .667, 0, 1, .000, 2, 2, 1.000, .667, 0, 0, , 0, 4, 4, 2, 0, 1, 1, 1, 4, 
PG, 29, MEM, 11, 11, 329, 51, 119, .429, 18, 61, .295, 33, 58, .569, .504, 17, 21, .810, 3, 24, 27, 55, 22, 4, 37, 35, 137, 
PG, 26, BRK, 12, 0, 207, 30, 73, .411, 7, 22, .318, 23, 51, .451, .459, 7, 9, .778, 9, 27, 36, 41, 9, 3, 12, 25, 74, 
SG, 26, MIA, 9, 0, 131, 15, 33, .455, 7, 17, .412, 8, 16, .500, .561, 2, 2, 1.000, 6, 8, 14, 14, 9, 3, 5, 12, 39, 
PG, 35, CHO, 12, 0, 191, 20, 34, .588, 1, 2, .500, 19, 32, .594, .603, 0, 0, , 4, 19, 23, 28, 5, 1, 15, 14, 41, 
PF, 20, HOU, 17, 17, 513, 90, 178, .506, 29, 81, .358, 61, 97, .629, .587, 17, 23, .739, 25, 108, 133, 25, 11, 14, 22, 57, 226, 
C, 23, IND, 14, 0, 216, 53, 75, .707, 14, 21, .667, 39, 54, .722, .800, 20, 27, .741, 20, 57, 77, 12, 5, 4, 15, 29, 140, 
SG, 19, CHO, 8, 0, 57, 12, 25, .480, 8, 12, .667, 4, 13, .308, .640, 0, 0, , 2, 3, 5, 2, 1, 2, 2, 5, 32, 
PG, 20, SAS, 19, 19, 551, 85, 190, .447, 18, 42, .429, 67, 148, .453, .495, 34, 43, .791, 28, 74, 102, 84, 14, 4, 46, 56, 222, 
SG, 21, PHI, 11, 0, 127, 13, 37, .351, 3, 12, .250, 10, 25, .400, .392, 6, 8, .750, 12, 10, 22, 10, 5, 6, 12, 18, 35, 
PF, 26, BOS, 6, 0, 20, 4, 7, .571, 1, 1, 1.000, 3, 6, .500, .643, 0, 0, , 4, 2, 6, 2, 1, 1, 3, 4, 9, 
PF, 22, DET, 20, 20, 626, 83, 185, .449, 30, 81, .370, 53, 104, .510, .530, 27, 34, .794, 39, 104, 143, 28, 7, 14, 35, 48, 223, 
SF, 21, DEN, 18, 0, 227, 34, 89, .382, 19, 59, .322, 15, 30, .500, .489, 7, 10, .700, 1, 21, 22, 18, 5, 5, 3, 28, 94, 
SF, 27, CLE, 20, 20, 705, 105, 239, .439, 58, 153, .379, 47, 86, .547, .561, 19, 23, .826, 14, 96, 110, 80, 20, 13, 32, 54, 287, 
SG, 22, ORL, 19, 19, 511, 84, 185, .454, 31, 84, .369, 53, 101, .525, .538, 44, 54, .815, 13, 56, 69, 52, 36, 11, 40, 57, 243, 
SF, 24, MIA, 3, 0, 29, 6, 14, .429, 4, 11, .364, 2, 3, .667, .571, 0, 0, , 0, 1, 1, 3, 1, 1, 1, 1, 16, 
SF, 28, HOU, 16, 0, 296, 37, 73, .507, 11, 31, .355, 26, 42, .619, .582, 8, 10, .800, 16, 44, 60, 20, 17, 5, 5, 44, 93, 
PF, 25, BOS, 19, 19, 694, 181, 363, .499, 59, 163, .362, 122, 200, .610, .580, 99, 123, .805, 13, 152, 165, 77, 21, 7, 65, 42, 520, 
PF, 24, CHI, 5, 0, 12, 1, 1, 1.000, 0, 0, , 1, 1, 1.000, 1.000, 0, 0, , 0, 1, 1, 0, 1, 0, 0, 0, 2, 
SG, 37, TOR, 5, 0, 16, 4, 5, .800, 1, 1, 1.000, 3, 4, .750, .900, 2, 2, 1.000, 0, 2, 2, 2, 1, 0, 0, 0, 11, 
SG, 21, CHI, 6, 0, 23, 3, 9, .333, 1, 4, .250, 2, 5, .400, .389, 0, 2, .000, 2, 8, 10, 4, 0, 1, 1, 2, 7, 
C, 31, TOT, 10, 0, 163, 31, 66, .470, 3, 9, .333, 28, 57, .491, .492, 5, 10, .500, 17, 21, 38, 12, 3, 8, 6, 26, 70, 
C, 31, IND, 1, 0, 8, 1, 4, .250, 0, 1, .000, 1, 3, .333, .250, 0, 0, , 0, 0, 0, 0, 0, 0, 0, 1, 2, 
C, 31, LAC, 9, 0, 155, 30, 62, .484, 3, 8, .375, 27, 54, .500, .508, 5, 10, .500, 17, 21, 38, 12, 3, 8, 6, 25, 68, 
SG, 22, BRK, 10, 8, 322, 97, 209, .464, 23, 67, .343, 74, 142, .521, .519, 44, 52, .846, 2, 37, 39, 23, 7, 6, 13, 19, 261, 
SF, 21, HOU, 4, 0, 67, 9, 22, .409, 2, 11, .182, 7, 11, .636, .455, 5, 8, .625, 1, 10, 11, 6, 2, 1, 6, 9, 25, 
SF, 21, DET, 20, 18, 565, 89, 193, .461, 5, 37, .135, 84, 156, .538, .474, 30, 43, .698, 63, 119, 182, 53, 20, 29, 43, 75, 213, 
SF, 33, GSW, 19, 19, 567, 103, 254, .406, 53, 147, .361, 50, 107, .467, .510, 40, 46, .870, 12, 61, 73, 43, 8, 11, 38, 44, 299, 
PF, 32, CLE, 15, 0, 132, 15, 22, .682, 0, 0, , 15, 22, .682, .682, 5, 13, .385, 17, 20, 37, 11, 2, 5, 7, 13, 35, 
PF, 21, CHO, 17, 1, 280, 26, 62, .419, 12, 33, .364, 14, 29, .483, .516, 0, 4, .000, 14, 35, 49, 10, 4, 5, 4, 21, 64, 
SF, 26, POR, 19, 9, 431, 42, 89, .472, 27, 70, .386, 15, 19, .789, .624, 6, 8, .750, 6, 25, 31, 22, 27, 15, 14, 22, 117, 
C, 25, MEM, 9, 5, 215, 30, 74, .405, 7, 25, .280, 23, 49, .469, .453, 4, 9, .444, 14, 35, 49, 19, 13, 9, 11, 20, 71, 
PF, 25, IND, 18, 17, 448, 94, 154, .610, 22, 61, .361, 72, 93, .774, .682, 26, 32, .813, 16, 39, 55, 24, 13, 10, 15, 36, 236, 
PF, 28, MIN, 19, 19, 636, 154, 306, .503, 41, 98, .418, 113, 208, .543, .570, 72, 79, .911, 21, 150, 171, 59, 18, 14, 56, 65, 421, 
SG, 25, TOR, 17, 2, 438, 69, 173, .399, 32, 88, .364, 37, 85, .435, .491, 17, 30, .567, 4, 30, 34, 22, 14, 2, 11, 18, 187, 
PF, 38, TOT, 15, 3, 239, 6, 19, .316, 5, 16, .313, 1, 3, .333, .447, 3, 3, 1.000, 16, 27, 43, 8, 9, 3, 4, 35, 20, 
PF, 38, PHI, 3, 3, 66, 2, 5, .400, 2, 5, .400, 0, 0, , .600, 0, 0, , 1, 13, 14, 0, 3, 2, 2, 9, 6, 
PF, 38, LAC, 12, 0, 173, 4, 14, .286, 3, 11, .273, 1, 3, .333, .393, 3, 3, 1.000, 15, 14, 29, 8, 6, 1, 2, 26, 14, 
C, 27, IND, 18, 18, 483, 109, 213, .512, 25, 76, .329, 84, 137, .613, .570, 56, 72, .778, 33, 107, 140, 25, 11, 38, 27, 63, 299, 
PF, 23, DEN, 7, 0, 18, 1, 4, .250, 0, 3, .000, 1, 1, 1.000, .250, 0, 0, , 0, 4, 4, 1, 0, 0, 0, 5, 2, 
SG, 24, DET, 15, 0, 155, 20, 44, .455, 14, 27, .519, 6, 17, .353, .614, 21, 23, .913, 3, 25, 28, 8, 4, 5, 10, 24, 75, 
C, 31, NOP, 21, 21, 561, 115, 204, .564, 15, 40, .375, 100, 164, .610, .600, 49, 61, .803, 49, 140, 189, 50, 8, 27, 25, 65, 294, 
PF, 24, LAL, 1, 0, 14, 0, 2, .000, 0, 2, .000, 0, 0, , .000, 0, 0, , 1, 3, 4, 1, 0, 0, 0, 1, 0, 
PG, 29, HOU, 16, 16, 604, 89, 227, .392, 49, 130, .377, 40, 97, .412, .500, 37, 41, .902, 5, 62, 67, 145, 11, 7, 25, 29, 264, 
SG, 23, SAS, 14, 8, 394, 92, 186, .495, 38, 93, .409, 54, 93, .581, .597, 34, 43, .791, 6, 39, 45, 38, 14, 1, 21, 16, 256, 
PF, 28, SAC, 15, 0, 218, 35, 80, .438, 20, 53, .377, 15, 27, .556, .563, 4, 6, .667, 5, 30, 35, 4, 6, 5, 5, 18, 94, 
PG, 27, LAL, 4, 0, 113, 11, 28, .393, 1, 14, .071, 10, 14, .714, .411, 1, 2, .500, 2, 2, 4, 12, 6, 0, 2, 10, 24, 
C, 33, CHI, 21, 21, 720, 140, 309, .453, 18, 74, .243, 122, 235, .519, .482, 30, 36, .833, 52, 157, 209, 68, 19, 14, 38, 61, 328, 
PF, 27, CLE, 13, 7, 264, 13, 40, .325, 12, 38, .316, 1, 2, .500, .475, 2, 4, .500, 12, 41, 53, 11, 11, 3, 5, 29, 40, 
SF, 22, ORL, 20, 20, 657, 153, 328, .466, 33, 101, .327, 120, 227, .529, .517, 75, 89, .843, 24, 91, 115, 70, 21, 8, 35, 43, 414, 
C, 26, ORL, 20, 0, 389, 100, 158, .633, 13, 35, .371, 87, 123, .707, .674, 47, 57, .825, 31, 55, 86, 24, 9, 9, 28, 49, 260, 
SF, 29, POR, 2, 0, 5, 0, 1, .000, 0, 1, .000, 0, 0, , .000, 0, 0, , 0, 0, 0, 0, 1, 0, 0, 1, 0, 
SF, 21, POR, 19, 0, 330, 51, 114, .447, 10, 38, .263, 41, 76, .539, .491, 21, 29, .724, 28, 64, 92, 12, 15, 8, 18, 42, 133, 
PF, 20, IND, 5, 0, 41, 7, 18, .389, 0, 5, .000, 7, 13, .538, .389, 3, 3, 1.000, 1, 7, 8, 6, 2, 2, 1, 4, 17, 
SG, 25, BRK, 17, 0, 362, 88, 180, .489, 44, 95, .463, 44, 85, .518, .611, 29, 38, .763, 3, 42, 45, 28, 10, 7, 25, 16, 249, 
SG, 20, OKC, 19, 4, 416, 55, 92, .598, 21, 40, .525, 34, 52, .654, .712, 11, 13, .846, 11, 34, 45, 26, 10, 7, 10, 31, 142, 
PF, 25, CHO, 17, 12, 537, 93, 214, .435, 34, 104, .327, 59, 110, .536, .514, 25, 35, .714, 21, 71, 92, 40, 11, 16, 26, 46, 245, 
PG, 22, MIL, 2, 0, 6, 1, 3, .333, 1, 2, .500, 0, 1, .000, .500, 0, 0, , 0, 1, 1, 0, 1, 0, 2, 0, 3, 
SF, 29, PHO, 15, 0, 269, 24, 66, .364, 19, 52, .365, 5, 14, .357, .508, 9, 13, .692, 9, 26, 35, 8, 6, 6, 13, 25, 76, 
SG, 26, OKC, 8, 0, 62, 8, 18, .444, 7, 17, .412, 1, 1, 1.000, .639, 0, 0, , 1, 5, 6, 5, 0, 1, 0, 4, 23, 
PF, 23, BRK, 13, 0, 184, 37, 70, .529, 5, 13, .385, 32, 57, .561, .564, 9, 10, .900, 16, 33, 49, 23, 7, 3, 16, 28, 88, 
SF, 21, DEN, 19, 0, 285, 37, 73, .507, 4, 19, .211, 33, 54, .611, .534, 8, 16, .500, 8, 28, 36, 14, 10, 19, 11, 27, 86, 
PF, 20, SAS, 18, 18, 540, 129, 295, .437, 26, 96, .271, 103, 199, .518, .481, 63, 76, .829, 38, 136, 174, 46, 24, 49, 63, 46, 347, 
SG, 20, SAS, 5, 0, 24, 3, 8, .375, 0, 1, .000, 3, 7, .429, .375, 1, 2, .500, 1, 1, 2, 5, 0, 1, 1, 3, 7, 
PG, 35, LAC, 19, 10, 507, 90, 207, .435, 14, 51, .275, 76, 156, .487, .469, 34, 54, .630, 29, 97, 126, 100, 25, 6, 44, 46, 228, 
PG, 23, CHI, 21, 21, 697, 111, 260, .427, 60, 149, .403, 51, 111, .459, .542, 33, 39, .846, 8, 58, 66, 89, 19, 6, 40, 60, 315, 
SG, 29, BOS, 16, 16, 515, 72, 154, .468, 35, 86, .407, 37, 68, .544, .581, 50, 58, .862, 11, 51, 62, 82, 17, 13, 28, 36, 229, 
SF, 19, HOU, 5, 0, 32, 7, 15, .467, 1, 5, .200, 6, 10, .600, .500, 5, 10, .500, 1, 7, 8, 2, 1, 0, 2, 2, 20, 
SG, 25, OKC, 17, 0, 200, 29, 50, .580, 9, 20, .450, 20, 30, .667, .670, 12, 17, .706, 9, 27, 36, 13, 6, 1, 9, 16, 79, 
SF, 28, GSW, 18, 18, 490, 91, 210, .433, 16, 60, .267, 75, 150, .500, .471, 32, 54, .593, 35, 44, 79, 21, 6, 7, 32, 46, 230, 
PG, 25, MIL, 1, 0, 2, 0, 1, .000, 0, 1, .000, 0, 0, , .000, 0, 0, , 0, 0, 0, 0, 0, 0, 1, 1, 0, 
PF, 25, DAL, 19, 19, 547, 62, 147, .422, 43, 106, .406, 19, 41, .463, .568, 20, 31, .645, 22, 49, 71, 32, 5, 11, 17, 50, 187, 
PF, 22, OKC, 16, 16, 524, 104, 206, .505, 18, 50, .360, 86, 156, .551, .549, 56, 64, .875, 5, 61, 66, 62, 12, 5, 30, 49, 282, 
C, 21, OKC, 14, 0, 188, 22, 56, .393, 12, 33, .364, 10, 23, .435, .500, 7, 8, .875, 9, 45, 54, 22, 5, 2, 6, 25, 63, 
SG, 24, HOU, 4, 0, 22, 6, 11, .545, 0, 2, .000, 6, 9, .667, .545, 1, 2, .500, 0, 0, 0, 2, 1, 0, 0, 2, 13, 
PF, 29, OKC, 9, 0, 150, 20, 37, .541, 8, 15, .533, 12, 22, .545, .649, 3, 8, .375, 8, 19, 27, 16, 4, 0, 3, 20, 51, 
C, 22, CHO, 18, 18, 488, 96, 147, .653, 0, 0, , 96, 147, .653, .653, 46, 64, .719, 74, 107, 181, 21, 15, 18, 16, 48, 238, 
PF, 22, CHI, 21, 11, 518, 62, 152, .408, 21, 66, .318, 41, 86, .477, .477, 24, 32, .750, 22, 59, 81, 26, 21, 19, 24, 32, 169, 
C, 26, POR, 6, 0, 119, 17, 26, .654, 0, 0, , 17, 26, .654, .654, 7, 9, .778, 11, 27, 38, 5, 7, 7, 7, 17, 41, 
SG, 23, MEM, 11, 0, 151, 15, 34, .441, 9, 27, .333, 6, 7, .857, .574, 12, 13, .923, 5, 31, 36, 13, 3, 7, 6, 24, 51, 
SF, 22, MEM, 17, 8, 380, 52, 133, .391, 23, 65, .354, 29, 68, .426, .477, 21, 24, .875, 12, 65, 77, 23, 9, 5, 23, 34, 148, 
PF, 23, NOP, 17, 17, 534, 156, 275, .567, 2, 4, .500, 154, 271, .568, .571, 85, 128, .664, 34, 64, 98, 83, 18, 5, 45, 43, 399, 
PF, 23, BRK, 2, 0, 7, 0, 1, .000, 0, 0, , 0, 1, .000, .000, 0, 0, , 0, 1, 1, 0, 0, 1, 0, 0, 0, 
SF, 27, NYK, 3, 0, 7, 1, 2, .500, 1, 2, .500, 0, 0, , .750, 0, 0, , 0, 1, 1, 1, 0, 0, 0, 1, 3, 
C, 22, DET, 10, 0, 111, 24, 37, .649, 0, 1, .000, 24, 36, .667, .649, 6, 11, .545, 10, 22, 32, 3, 1, 3, 8, 18, 54, 
PF, 28, LAL, 21, 1, 425, 51, 115, .443, 14, 52, .269, 37, 63, .587, .504, 31, 45, .689, 18, 105, 123, 17, 4, 12, 27, 37, 147, 
PG, 31, WAS, 8, 0, 141, 11, 30, .367, 4, 11, .364, 7, 19, .368, .433, 14, 16, .875, 3, 17, 20, 35, 13, 1, 4, 6, 40, 
PF, 35, TOR, 3, 0, 10, 2, 4, .500, 0, 0, , 2, 4, .500, .500, 0, 2, .000, 1, 2, 3, 3, 0, 0, 1, 0, 4, 
PG, 25, ATL, 18, 18, 648, 146, 357, .409, 55, 156, .353, 91, 201, .453, .486, 140, 162, .864, 12, 40, 52, 192, 29, 0, 68, 27, 487, 
C, 25, UTA, 14, 5, 170, 28, 51, .549, 3, 13, .231, 25, 38, .658, .578, 6, 8, .750, 21, 45, 66, 12, 3, 7, 10, 20, 65, 
C, 31, NOP, 17, 0, 167, 10, 32, .313, 0, 1, .000, 10, 31, .323, .313, 11, 22, .500, 21, 34, 55, 18, 3, 2, 6, 21, 31, 
C, 26, LAC, 19, 19, 490, 94, 150, .627, 0, 0, , 94, 150, .627, .627, 36, 58, .621, 60, 111, 171, 16, 2, 28, 25, 50, 224, 
